-1.2499563694000244
-2.4974085092544556
-1.2447479963302612
-2.491246461868286
-1.2460027933120728
-2.4941879510879517
-3.7402204275131226
-4.991214156150818
-6.248971223831177
-1.2746062278747559
-2.572662115097046
-3.901322841644287
-5.269311189651489
-6.678382396697998
-1.4729979038238525
-1.5653114318847656
-3.2427120208740234
-5.016627550125122
-1.8850059509277344
-1.9691568613052368
-4.011822819709778
-2.110982894897461
-2.268526792526245
-2.3503222465515137
-2.4179112911224365
-2.5359761714935303
-2.7626287937164307
-2.932620048522949
-2.8830995559692383
-2.9003500938415527
-2.957533836364746
-3.085704803466797
-3.423004627227783
-3.4823269844055176
-3.5822668075561523
-3.533198356628418
-3.4748265743255615
-3.1818249225616455
-3.092407703399658
-2.943225383758545
-2.867534637451172
-2.8945705890655518
-2.938062906265259
-3.0177853107452393
-3.101628065109253
-3.336304187774658
-3.4171810150146484
-3.549696922302246
-3.625107765197754
-3.659132719039917
-3.679760456085205
-3.6787757873535156
-3.5993075370788574
-3.4993371963500977
-3.4598021507263184
-3.4011266231536865
-3.297755718231201
-3.3921852111816406
-3.397404193878174
-3.4168457984924316
-3.470203399658203
-3.4718427658081055
-3.743868827819824
-3.811497688293457
-3.9054183959960938
-7.681395769119263
-3.7407310009002686
-3.9619596004486084
-3.7477376461029053
-3.609795331954956
-3.43700909614563
-3.3894004821777344
-3.403233051300049
-3.471796751022339
-7.198195219039917
-3.81959867477417
-4.006884574890137
-3.9779999256134033
-4.212841033935547
-4.209872245788574
-3.7700443267822266
-3.9234306812286377
-4.100857734680176
-4.07023811340332
-3.9044361114501953
-4.086430072784424
-3.8352081775665283
-3.9435219764709473
-3.764554023742676
-3.997957468032837
-3.7315168380737305
-3.7813973426818848
-3.7359445095062256
-3.83630633354187
-3.5555341243743896
-3.7258851528167725
-4.047780513763428
-3.808954954147339
-4.101912021636963
-3.924387216567993
-3.744014024734497
-4.316690921783447
-3.9473891258239746
-3.7220945358276367
-3.9221792221069336
-4.576223373413086
-3.918313503265381
-3.719451904296875
-3.759519100189209
-4.303170204162598
-4.087973594665527
-3.856126546859741
-4.200336933135986
-3.788621187210083
-4.4647216796875
-4.390329837799072
-3.9346923828125
-4.107428550720215
-4.548057556152344
-3.949704647064209
-4.392252445220947
-3.716470718383789
-3.850179672241211
-4.18590784072876
