0.6934148669242859
0.6917933821678162
0.6901028156280518
0.6882529854774475
0.6861708164215088
0.6837959289550781
0.6810689568519592
0.6779335737228394
0.674328088760376
0.6701924204826355
0.6654671430587769
0.6600955128669739
0.6540257930755615
0.6472166776657104
0.6396414637565613
0.6312891244888306
0.6221762895584106
0.6123471260070801
0.6018784642219543
0.5908747315406799
0.5794715285301208
0.5678237676620483
0.5561012029647827
0.5444775819778442
0.533122718334198
0.5221908092498779
0.511813759803772
0.5020886659622192
0.4930746853351593
0.4847896099090576
0.477215051651001
0.4703047573566437
0.46398046612739563
0.458139032125473
0.45266640186309814
0.4474625885486603
0.4424627423286438
0.4376422166824341
0.4329962134361267
0.4285252094268799
0.4242315888404846
0.42012131214141846
0.41619059443473816
0.4124245345592499
0.4088195562362671
0.4054027497768402
0.4022155702114105
0.39930424094200134
0.39671608805656433
0.3944748342037201
2.051511824131012
1.8753794476389885
2.0423601071039834
2.013485207277186
2.074448457786015
2.0844605152423563
2.117032607396444
2.0759285653338715
2.08064578674935
2.074759684391876
2.1547123193740845
2.1205468111568027
2.1108479146604187
2.127449367195368
2.0448198715845742
2.179606787363688
2.1573969602584837
2.1548804411521325
2.213188541346583
2.134157717227936
2.2025289129127157
2.191183503468831
2.2068644481546738
2.172529156009356
2.1816409985224405
2.1776628607795354
2.1992015182971953
2.157944194648577
2.2261624794739943
2.219003622348492
2.1223645401000977
2.1463431770151313
2.264712226390839
2.1884696070964518
2.134991240501404
2.1738418766430447
2.1383690094947814
2.142153647210863
2.2270368999905057
2.1526818526418587
2.1838789761066435
2.1330154959748433
2.2404452429877386
2.1726402640342712
2.172341307928396
2.205993358905499
2.208687322480338
2.1970524174826487
2.1226130392816334
2.0762408604988685
2.202334972528311
2.174656023581823
2.1498546600341797
2.1625348244394575
2.1944229098466725
2.186799929692195
2.1589409589767454
2.1413297776518196
2.1834630370140076
2.1875800660678317
2.1860226676577614
2.1920387744903564
2.1955033130943775
2.1936026588082314
2.1780648781703067
2.141796387732029
2.162579539843968
2.2064092670168196
2.1940489046035276
2.1844023704528808
2.241753958738767
2.1510757585851157
2.1322907301095815
2.1956216167001164
2.1627075990041096
2.1988783280054727
2.25027127067248
2.1652345349711757
2.109968835657293
2.156835241066782
2.1331492097754228
2.200585867677416
2.2025281282571645
2.1608482113590948
2.1892588720765223
2.2232845379756045
2.1703858733177186
2.1591745555400848
2.158789277076721
2.1203894054188446
2.165951979160309
2.2482952028512955
2.1476516081736636
2.1884630975269137
2.2367659277386136
2.144213212033113
2.189716864515234
2.1996464693185054
2.1444191607561978
2.2350256698472157
2.182266492110032
2.130692712465922
2.205064830572709
2.2016522521558017
2.1884567911426225
2.165525794029236
2.2005987342666176
2.1659049928188323
2.2256548358843875
2.1419867944717406
2.2024063070615134
2.1604789779299782
2.1977552924837385
2.1871026357014975
2.1387586082730974
2.2381194763713412
2.157440334558487
2.228500085217612
2.1815537373224894
2.1622143574615023
2.1968244043263523
2.1796828013546063
2.2173446877436205
2.1798843607973697
2.16044528201475
2.1911055190222606
2.1912321547667184
2.1910765730973445
2.2011812434476963
2.19790385166804
2.209844557862533
2.1936666782085714
2.1849302712608787
2.192764703432719
2.181777455867865
2.131773966632477
2.199333531515939
2.155847802244384
2.1188078224658966
2.147634368676406
2.1861185232798257
2.1617117686705156
2.1377633026201432
2.1947600797370628
2.14214004278183
2.148456871509552
2.1637772627365894
2.188021632758054
2.2492515897750853
2.1797859202260557
2.225873404741287
2.135722170273463
2.1961544241224016
2.1223260904180594
2.1656786441802978
2.1602179435166446
2.180182658135891
2.1769119626597355
2.206870982896036
2.1388245096689538
2.1555960215339365
2.1078735306149436
2.141336669727248
2.1744456165715267
2.189451575279236
2.2159913182258606
2.1590687657395997
2.116209509896069
2.1704487525499783
2.158451227347056
2.1039722950562187
2.1347627103328706
2.0678841123978295
2.186019278341724
2.1469572198634244
2.154123825541997
2.1248430434395287
2.1313088921939625
2.1525604724884033
2.198699521346831
2.163054922531391
2.152533003262111
2.16353333791097
2.1755155600034275
2.167289095955926
2.1763509432474772
2.170623500172685
2.1716196664742062
2.1211076044454806
2.1415541336454194
2.138854272854634
2.129126032193502
2.1525311674922705
2.1665121771040416
2.158712026051113
2.1248316676528365
2.1557026947698286
2.1263328343629837
2.1014428956835878
2.1759247950145175
2.109353856606917
2.116967553677766
2.125796825885773
2.1560735437605114
2.156703032553196
2.1317950179499965
2.2330780029296875
2.137406602501869
2.10177387974479
2.1334071457386017
2.092135650771005
2.1497057045207306
2.1292854652685276
2.1360021978616714
2.1337617501135795
2.095087245106697
2.1346801966428757
2.0604096922007473
2.1202750205993652
2.1346369532571323
2.138837855437706
2.113356039330766
2.055132052172785
2.1197406374491177
2.1105485059777083
2.086186467476611
2.129800110249906
2.0965533871804514
2.076371577050951
2.084737886985143
2.0811929332798926
2.130962592137011
2.202905853589376
2.108647752691198
2.1220348838899956
2.0660933426448276
2.105634278059006
2.146774172782898
2.1225458000387465
2.114069910844167
2.191293199857076
2.046315258741379
2.179220428653792
2.0522559616300793
2.1181549469629926
2.069743267514489
2.1037213024885757
2.1106365067618236
2.146010183518933
2.150712383420844
2.165932728184594
2.0768970702145553
2.1120233237743378
2.1754018482954605
2.100490424691177
2.0782257731144247
2.0900278345483247
2.106840196109953
2.085388775055225
2.083137648050175
2.111327690737588
2.0917415777842203
2.079493001887673
2.0979322535651073
2.105610946814219
2.129340079595458
2.105708177600588
2.133272891952878
2.12065363407135
2.1545726432174934
2.093866225444909
2.1254505542821662
2.09995080295362
2.0771619244055315
2.1028462946414948
2.0810564103580655
2.056524028380712
2.1159293236939805
2.114987341703567
2.09878201007843
2.0687915682792664
2.0880062895662643
2.0799548085202875
2.143710808876233
2.0800944408949684
2.138189586309286
2.1212908382768982
2.0584235270818074
2.059369688563877
2.0623366286357245
2.0866784383268917
2.0984945519025935
2.110550654561896
2.0821131282382543
2.08173924333909
2.084235769329649
2.055846390761728
2.050891073850485
2.121264601575917
2.0680801639190087
2.033266009428562
2.07094785414244
2.022056148332708
2.040390577581194
2.096191328504811
2.0945835787317026
2.038752750825074
2.076282024383545
2.1336151719093324
2.0874286038534984
2.034064857165019
2.0725429341906594
2.042024476961656
2.076153047673114
2.0687069825406343
2.0537684662588713
1.9844843582673506
2.0782354795015774
2.0228464126586916
2.023339373094064
2.052547647107032
2.1440983781447778
2.052861874103546
2.0057704996788637
2.0276901626586916
2.0631635106843094
2.008011505007744
2.0042227215237087
2.0702191916379062
2.0644631650712757
2.0623346149921415
2.0258804088415103
2.0611931681632996
2.042220765352249
2.026841307679812
2.0131362358729046
2.053911261558533
2.0492811328486393
1.9856285743224316
2.0240001479784646
2.0703360460422657
1.997553338022793
2.035774793624878
2.0224476835944434
2.019502692408376
2.0564445824850175
2.022482249471876
2.015301361188784
2.0023327320814133
2.064866348010738
2.0341525174476005
2.019147058895656
2.075864260395368
2.0885697332295505
1.9837267708319883
2.0368888464840977
1.9722346862157185
1.9824610179470432
2.0081067916118736
1.9932203879723183
2.00500662430473
2.0858503580093384
2.010511636734009
2.058607667684555
2.0011648163199425
1.9921383326312145
2.0194512184928444
2.035914475719134
1.9941090954110978
2.004545122712523
1.9454665129834956
2.012982416720617
2.0187820315361025
1.9242810010910034
1.9993445042407874
2.006144170103402
1.9849178393681843
2.0388536850611367
1.9814539750417073
2.020712270090977
2.0034551687960356
2.0227785684444286
1.9841382876038551
1.9702638586362202
1.9497941037019093
1.9941265961019004
2.049478866159916
1.9904978188072764
2.0312758833169937
2.0239444009044716
1.954933191339175
2.04089185824761
1.9494380039327286
2.006827054485198
2.01545005494898
1.952099519116538
2.010665535926819
1.949602050440652
1.9703905228021983
2.032833522016352
1.9804805914560955
1.9791701776640755
1.9478362202644348
1.950392864471258
1.950350678884066
1.9653908688089121
1.9595180892944335
1.8870434505598885
1.9373835888173845
1.9639891465504964
1.9453609387079875
1.981265468256814
1.9551459361206402
1.97985467530679
1.9677820746288743
1.9601889587938786
1.9385247888849741
1.9521169192863232
1.903682800439688
1.9138527458364314
2.0344561840358533
1.9772100959505354
1.9498889268334232
1.9471736524416052
1.8731969850403922
1.942359957317848
1.9412687097986538
1.9532040461249973
1.9374346278962635
2.012396295865377
1.9033180423404858
1.940535791312592
1.9726282623079088
1.9488000257595166
1.9272673080364864
1.9095531720963737
1.900377670923869
1.942720694201333
1.9506541907787323
1.9547436505556106
1.9454974722076248
1.898143254626881
1.99752768332308
1.9251162278450142
1.8828543954425387
1.9307120388204402
1.9076931128899257
1.9052307789142315
1.9184312416661171
1.9276099385637226
1.909085423338647
1.9191244770498836
1.9047314812397134
1.9826728736653048
1.940569321314494
1.955896125685784
1.9167516983992665
1.981195511817932
1.896930044697177
1.9264915926115853
1.9342993294320456
1.8947470845847294
1.9004740201509915
1.8975206498916333
1.916139500008689
1.8995352701474262
1.863406974257845
1.887306858753336
1.9076506980260213
1.9176622706074868
1.9057063629042428
1.919613938582571
1.8660928420722485
1.8749931149366426
1.8775972919609711
1.929665460643998
1.8881242294160148
1.9070107478361864
1.8632912280711722
1.9050070061570121
1.8889039158821106
1.913606089214946
1.9138829257037189
1.9197910997000607
1.9163702621179468
1.8745525626961244
1.8613326408361133
1.8558698637144906
1.8925125974195975
1.8339235599224384
1.8396811798999184
1.858431880538528
1.8898094510132413
1.8303592516028362
1.8660626514599874
1.9334315007383174
1.8578332427300905
1.9180468481940192
1.886382953873996
1.8445083538691203
1.8627274642225171
1.876909616967322
1.8537993008090603
1.8794336820903577
1.8491011219365256
1.8720425240536953
1.8337445297548849
1.8083801395014714
1.869064638018608
1.7993005255618728
1.8286189176142216
1.8726099931587608
1.846447229385376
1.8848580325522073
1.9006882090317576
1.8438719222039888
1.865341301668774
1.845612366994222
1.8409621000289917
1.8897229056609304
1.8516008975554485
1.8768864536285401
1.848923795753055
1.8568302573579731
1.8593511987239757
1.8274080108423703
1.8287366771697997
1.833318620227104
1.8658005703579297
1.8539269992283411
1.8358463900429862
1.8513797377095078
1.8138258041337478
1.8482828338940938
1.8334522937473499
1.8761725319283349
1.8433748086293538
1.8335426674260722
1.8363443658902094
1.810253040891298
1.857070459259881
1.8301460435313563
1.8252177614914744
1.8467602990567684
1.862171829963217
1.8847804892630804
1.8359430142811366
1.835753855380145
1.8047929588629275
1.919151315689087
1.8238429773685545
1.8170474009080366
1.8064990616463996
1.8283903422680767
1.8889272894178117
1.8326302864512458
1.824945076306661
1.8476139050495775
1.8404796762125832
1.802956924026395
1.7683893008665605
1.8222797668498496
1.8213263237348167
1.8411380493122598
1.790066474278768
1.7970432695001364
1.8111173981114437
1.805817619863763
1.857351229741023
1.825810315179043
1.8122846729615156
1.7971454910610034
1.8398312894921554
1.8175618433561482
1.816844387849172
1.8448151156709
1.8136445734951947
1.822822498238605
1.8283163155828204
1.8453907436794705
1.8076413689919237
1.8343772234455231
1.7333481311798096
1.8378502247380275
1.8408229419818292
1.7982856346213298
1.7894572293172117
1.8133860517431188
1.7830146032830942
1.7785642570064915
1.813713782599994
1.8170170078995407
1.81177995296625
1.8050146567619454
1.805655403269662
1.8027758384818462
1.775413189615522
1.8179946845891524
1.7590426713228227
1.7726886520783107
1.8100308626890182
1.8128482483802957
1.7695213826661258
1.7942511671119266
1.767371878737495
1.7906506834803402
1.7689009010791779
1.759411687436311
1.7614762457934292
1.7408170489703907
1.769718125181378
1.8113315140499788
1.8054920824206606
1.8055430325594815
1.7941105392244128
1.79497549533844
1.7736472061702184
1.7624130081712155
1.7922519445419312
1.7551610072453816
1.7777081839740276
1.7860877083407507
1.7821358782904488
1.7880247761221493
1.7545560280481973
1.8021825230121613
1.765513495395058
1.745908404651441
1.7505461291262978
1.7651151998622998
1.7543763928599172
1.8062136671436366
1.7313453643879992
1.8709261875886183
1.772525296491735
1.8038069042894576
1.7747331271737308
1.745858982205391
1.7522549525551174
1.7741608179750896
1.7453365113054002
1.7435019767802695
1.7508237131180302
1.7668375418736384
1.7519357074390758
1.7489201114291237
1.7649839069477464
1.8045772716805741
1.7599006813505422
1.772437850634257
1.7575683529312547
1.7528780088868252
1.7859075808525084
1.7991972391421978
1.754901962077364
1.732487318692384
1.7391402701369854
1.7605410089679794
1.7556249023992805
1.8012855429398387
1.762844544468504
1.7819833397865295
1.7462769954100898
1.7412188665286914
1.7544300651550293
1.7455017307530278
1.7450299072956694
1.722602915763855
1.760518263686787
1.7549930859256435
1.738952132066091
1.7599301863524874
1.675437495988958
1.7873476305786444
1.7531833781136408
1.7762429841927119
1.7679946422576904
1.7347572494197536
1.7487012776461515
1.7183864404757818
1.7520139779035862
1.7536222985450258
1.7322459816932678
1.7470306820339627
1.7733340231995833
1.7912196805400233
1.7305516174861364
1.7398906042498927
1.7612031927475562
1.7723496289963419
1.7405171152474224
1.7225192318791929
1.7852531532446543
1.7407688331604003
1.7312743732894675
1.710490373464731
1.734627256145725
1.7415828761600314
1.6900108963251115
1.698444386323293
1.7263122662421195
1.7405804674676124
1.711497996715789
1.745477149221632
1.7570737136734857
1.7336074716301375
1.7148442175239325
1.6863812576321995
1.7363680444265668
1.7449823955319963
1.735746002715567
1.7297637549313631
1.7104182356112712
1.7199919696838137
1.6708544010811663
1.7337891117471163
1.7107834686835608
1.702721480889754
1.70431748168035
1.7096417756816047
1.675773291752256
1.7020876624367454
1.7035466895615758
1.7226147333780923
1.6903097856612432
1.693045793619371
1.72541846036911
1.7019444087456013
1.737151327680369
1.7023834544558858
1.679789646908089
1.7330827567635514
1.7014226862179336
1.752897524064587
1.7024977557799394
1.7399657553639905
1.664967140486074
1.6802001246460923
1.6881136851651328
1.751900735654329
1.6935417706316167
1.7059165893816481
1.6769801578789114
1.6641292572021484
1.6654357691200412
1.674347526886884
1.6767361654954798
1.6938894865464191
1.6488137782788743
1.6801281405819788
1.69404007779791
1.7221253892065773
1.7315546299548858
1.7118425690210783
1.6699333508809409
1.7148123833597924
1.691752599345313
1.7168488535616133
1.702876217821811
1.6805807990687234
1.6651137873933122
1.6697307306787241
1.6908029238382976
1.6744418409135606
1.6742657128866616
1.6474596738815308
1.6755466730193753
1.6530986121206572
1.66404900468629
1.7239789962768555
1.6806606808279314
1.6249319948256016
1.6327888298842868
1.642039772626516
1.6704500755726897
1.6507596856071836
1.6690259989230865
1.6623695757653978
1.6547144873667572
1.6166090383086094
1.644799039219365
1.6507979896333482
1.6833782357684637
1.6632451339201493
1.678904136021932
1.6518799277643363
1.6595443569380661
1.64993176390143
1.6524939735730488
1.6827222810072058
1.6254257692231073
1.6617609889079363
1.6333066157891716
1.654449028628213
1.6597688658030954
1.67229992410411
1.6803591320480125
1.6246037101745605
1.6413538290394678
1.6398115103895015
1.6378342399791794
1.6136218743903614
1.6591686246006987
1.660389632548926
1.6457491855363588
1.662710329381431
1.624845929064993
1.6173042264985449
1.6210132422072163
1.5976699739694595
1.5962574643603826
1.6169301148723154
1.6258270502090455
1.6322330059391437
1.6390599639792192
1.6434287062610489
1.5957461368469965
1.64978161427827
1.647354790687561
1.6498691482203347
1.6347579172212783
1.650459463397662
1.6213764150937398
1.6215247136575204
1.6072261832718155
1.619228187597023
1.5958434474337233
1.6272002607584
1.6146990975948294
1.642054213417901
1.6225948714718377
1.6165584109046243
1.6254282843682073
1.6131880680720012
1.6263511294410342
1.6326171849903308
1.664527974630657
1.6665193658126027
1.6279618315777535
1.6240305857998985
1.613506917093621
1.6202348709106444
1.6498954623937607
1.5945475012508792
1.6220166264353573
1.6156785368919373
1.658843287250452
1.628050337235133
1.6015784233808517
1.6123110434719334
1.5895951225839813
1.6208892815733609
1.6494238036019462
1.5947987331284417
1.5434677318522805
1.5924815479314551
1.6164393880150534
1.6196988361691116
1.6043518668896444
1.614572318933778
1.6182666029781103
1.585827544138029
1.6125531055425342
1.6208225167714632
1.6166511150923641
1.6203765074412029
1.5995505324910195
1.6050712633132935
1.5957752916871049
1.6097526632506272
1.604178760200739
1.599434168108048
1.5831559619733266
1.5838498398661613
1.6025873046172292
1.6097227608571287
1.6023637442521645
1.5687427188074865
1.5943665742874145
1.582839686801468
1.576963112089369
1.5665357167070562
1.5662856917632253
1.5818858041482813
1.5771419314237742
1.6078301552269194
1.6212791524282315
1.5810860340411848
1.5457985694591816
1.5481709003448487
1.5289369106292725
1.5692206522853105
1.589220754802227
1.5936485073145699
1.5733235873533098
1.6245413260026411
1.5602472641251304
1.5725593957744661
1.54410939514637
1.575593299643938
1.6497890307353094
1.5627968279938949
1.5734046330818763
1.569709422126893
1.5697098350524903
1.575988822969897
1.5328960126301028
1.5583462218443553
1.5735954814038033
1.5374247141373463
1.577745141766288
1.5528517615410589
1.5700708792127411
1.5693549457050504
1.5782607060831946
1.542356058608654
1.5570424189934364
1.5575219988822937
1.5463197856414608
1.5297938615847857
1.5492656707763672
1.5610020662608899
1.597135841846466
1.5842466086149216
1.584599448101861
1.5434235258947444
1.5490565819943205
1.5585384558940278
1.54555750379757
1.5743894215380208
1.5549597544748275
1.564669438770839
1.5722513706595809
1.5637831535745175
1.5350848679639855
1.5576755497604609
1.568473182618618
1.519302500260843
1.5101972594857216
1.5544143359955043
1.5327259666663555
1.5596796291977613
1.50884556536581
1.5457940819588574
1.5181887034446961
1.5550253437115595
1.5519258388101238
1.5401765329893244
1.5519358556846092
1.5319242008396836
1.5424764591104845
1.5369523904540323
1.5726160109043121
1.5567667840132073
1.5226644277572632
1.5326757344854884
1.5297179280257807
1.5337767890680616
1.5118683344788022
1.5433655416264254
1.5278546370958026
1.5211681394741452
1.468871033191681
1.4884934577536075
1.5337938485723552
1.5307187400758266
1.525670285318412
1.5083642832694515
1.4871239412662596
1.5214122814290665
1.5040104117309838
1.512173025696366
1.5234755963495332
1.5229243928310918
1.5412783602188374
1.5130110305288564
1.4974265226296015
1.4865167679325226
1.5531637312351971
1.4842718362808227
1.4990196377038956
1.4963312133958069
1.510942859436149
1.530239956585441
1.5090908292801148
1.4981704499270465
1.5037547488545262
1.483351296848721
1.4858722958648414
1.5187739038467407
1.5187922577525295
1.5249456204473972
1.4827139706447208
1.509059186639457
1.4979559424994648
1.5029830535252888
1.5117700131315934
1.52131221975599
1.5074107222832167
1.5035651984967684
1.5025362270943663
1.507355976987768
1.4880794882774353
1.5129768574679339
1.4961519444242437
1.4722248286735722
1.5022055394244644
1.500599415678727
1.473479307931045
1.492383596797784
1.4938392551506268
1.5165471640916972
1.4890887040012288
1.5072472244501114
1.4940563488979728
1.4878496140459159
1.5108856819570065
1.5346539517243702
1.4711958311371884
1.461598788819662
1.4570856059298796
1.5115258550643922
1.509949575299802
1.4931756883859635
1.514088781674703
1.482901042343205
1.4751541840619053
1.483429991921713
1.4988315509898322
1.4879237485654426
1.4903205472069818
1.4959598486883599
1.4954930389200458
1.4804588669055216
1.4900980661081713
1.4348759140287126
1.4134537266261542
1.4883790599538924
1.4953767373011662
1.4759799776406124
1.4758856377359164
1.4910181254556734
1.5042133574132566
1.5052487034546702
1.497796852965104
1.514343602903958
1.50492614362298
1.4310336489426463
1.4869990213350817
1.4742159280884133
1.4905624289110482
1.4863299502954854
1.4996786919507112
1.4817925786972046
1.4809279839197795
1.50168892343839
1.4567220871863158
1.483467566050016
1.4762209468417697
1.474264199917133
1.4613503207763037
1.4827149318110557
1.4668194996683221
1.493597121521978
1.4589857630346013
1.4694079509595546
1.4749859169216974
1.4728026922712936
1.4507312724987667
1.47531763779915
1.4216324800536746
1.4334590757215344
1.4780450505869729
1.4783619087795878
1.4725536691105885
1.4833738253666804
1.4672434076349785
1.4741702792288243
1.4455745538075766
1.4624636187439872
1.4288233280181886
1.462302224389438
1.5028616764715739
1.469202176729838
1.5071572241959748
1.482951283454895
1.4183879682892246
1.48006496236131
1.469945928629707
1.4801761688608113
1.4601390244048318
1.4735817221494822
1.4763287266746896
1.4451177531275257
1.5082209984461465
1.4738648145095161
1.4492845364979334
1.471891752771429
1.4523925603704249
1.4291438513164278
1.4418804349978107
1.4721347992236797
1.4444590012232463
1.4669239341571767
1.4667477198393948
1.4643216714626406
1.4545784048412158
1.4592650842666626
1.4518223198560567
1.4600534534454346
1.4344509007179573
1.4379840886817787
1.4441263712369479
1.4409074494332978
1.4757794936498005
1.4826918728649616
1.461393400033315
1.4778352556094316
1.4249743521213531
1.4586211376720004
1.4288321456243827
1.4474763667583466
1.4676532557136135
1.4422705367328674
1.4312603632609049
1.4422395972644582
1.4198919111682522
1.4412331667499265
1.4127447115050422
1.4432116797629824
1.451686273680793
1.4333214184817147
1.4250644399569585
1.4268548727035522
1.4388729747136433
1.42898549192092
1.4315410869462148
1.4137108698487282
1.4433500642900343
1.4249087454360208
1.4060326251354847
1.3871125536305564
1.4226205906969436
1.4204650563853127
1.509706687927246
1.422076795199146
1.4433056405096343
1.4235365675843281
1.4252723950606125
1.4281962132186032
1.4299678873448145
1.4299611561000347
1.4376080677073488
1.4367169115854346
1.4260844257142808
1.4387467039955988
1.4181841923309877
1.390150386840105
1.4183584600687027
1.4047386769590706
1.4286605194211006
1.414882332086563
1.4149046155313652
1.4057948905974627
1.4395909483669793
1.4170008182525635
1.4230587482452393
1.4803306261698406
1.42511981499346
1.4166582311902727
1.3972786477633885
1.42318640763943
1.427357025684849
1.4311407315425384
1.4001463230063276
1.4103324558676742
1.4226610237552273
1.4173084926605224
1.3680497502523756
1.3995878949309841
1.3963754118942633
1.412373925077504
1.4164377789438507
1.4212584986406214
1.4119675358136494
1.3924840453644873
1.421162098646164
1.3797552842719882
1.40207902992828
1.3868252884257923
1.3998180434510514
1.4003328588819994
1.4168419193048947
1.3904309636455472
1.4073772912614801
1.3893196827598981
1.3918962115826814
1.386892780661583
1.3990156401035398
1.4324656183069402
1.3802531811228969
1.406751373667776
1.3869295438130698
1.4083976793289184
1.405565139613574
1.3978545723422882
1.3902877051875275
1.4070384045169777
1.4138195471171915
1.3891885002998456
1.4064537152815402
1.3935427828268572
1.4180926228391713
1.3867848748746125
1.4063826725400728
1.4088212067318946
1.3799892716548021
1.378959459679149
1.3925807295423565
1.41540687084198
1.378097591192826
1.403437071952267
1.3929925602535869
1.4009456798434257
1.400818780578416
1.4037439240965732
1.4322868658571828
1.4086155462683292
1.3997382098978215
1.3899035009683347
1.401549796263377
1.3849857906500498
1.4174914528162053
1.3613421823829412
1.399120709101359
1.3742981649733879
1.3880858737410922
1.4264313355088234
1.3903075109828602
1.3707215523018557
1.4057383888807051
1.393511633981358
1.4005770718873436
1.3670720753043588
1.4143316440093212
1.3861991697742093
1.3894348469647495
1.377553597439167
1.3937845880335027
1.3622734408045925
1.3774774346170546
1.404131994040116
1.4081779572001674
1.37358358502388
1.3912684107726474
1.3771067125755443
1.3716819199332355
1.3961071822108055
1.394081276655197
1.3853613349455822
1.378206827747288
1.3736498043185374
1.426908912482085
1.3982222638231643
1.3853350857208515
1.405502489427241
1.3857092590167606
1.3658370879980235
1.389014415797733
1.393826099692798
1.4011852610856295
1.385087837191189
1.3992020533635066
1.3900126313621348
1.3813459003293835
1.367709046456872
1.3548519568783897
1.3644788907124445
1.3729339825346114
1.3585495200268058
1.3651216608105283
1.3897008299827576
1.4003481756557117
1.396982359163689
1.4006674653392728
1.3932232878424904
1.377485371552981
1.37872681124457
1.4164453559451633
1.3544282615184784
1.395983104770248
1.369584913055102
1.386753096300013
1.359567307076364
1.378608756831714
1.400346381323678
1.36365193897678
1.3848482485740417
1.3955868912297626
1.388648633956909
1.3812961291383814
1.3822921603179175
1.3706363881075825
1.38901333262523
1.4130575948831987
1.3619055222656766
1.400897064629723
1.3790671935787908
1.3747728014814442
1.375363169444932
1.3579541104180473
1.356160008907318
1.4080666999022167
1.385956244809287
1.342385553178333
1.3745533248473858
1.3398599501313835
1.3758942293670942
1.3542959631943121
1.3758275930961352
1.3587874246366096
1.3470655314383968
1.3583750760483884
1.371043036623699
1.3544418328517192
1.35188983000961
1.3346822290535432
1.36620476892439
1.3721041717226543
1.3759269955452909
1.3686050912167163
1.365286922454834
1.3511458432674408
1.3930167016528903
1.3719466976177546
1.3493796119207069
1.3707993318294656
1.3380236774682999
1.3468993681448478
1.3677363007787675
1.3502969145774841
1.3547279936202028
1.3734744425061383
1.3674401839574177
1.352254775532505
1.3587877318972632
1.3543322268654319
1.3506386054631991
1.336655403337171
1.3644605073435554
1.3379724678539096
1.3707718222828236
1.369131086623832
1.3631612948008947
1.3232781954214607
1.3562601583975333
1.3155676751601986
1.3683456693376814
1.3236091724082606
1.337905150501668
1.3622531012484902
1.3783731910417665
1.3299235243063707
1.358651081720988
1.3635945077295657
1.3045954734851153
1.3229337355473658
1.3372813111001796
1.3562310910460973
1.3587731177156621
1.362051327411945
1.3407622646929613
1.352025761971107
1.3708462747367653
1.3232506666428003
1.36484013852619
1.32889836201301
1.3530026190262987
1.3539064589668723
1.3524894164158747
1.3417329498239465
1.3474025168726522
1.3487879509973053
1.3286364649732907
1.3769910846437727
1.3180817067623138
1.3604541741884673
1.3138539757993486
1.347374130850253
1.3266310086015796
1.3368918269571632
1.3416570869542785
1.3182886730540881
1.3598457946151983
1.3450873408998762
1.3682589209996736
1.3504520416259767
1.3512256392117203
1.3446547209731932
1.3267516922205687
1.3457938876806521
1.3404918011798654
1.356963324546814
1.3607487337929862
1.324398481116003
1.346248238694434
1.3292340390822466
1.33596755027771
1.3307898971769545
1.3401783302023604
1.3617220212673318
1.3687969048817952
1.3177411669776553
1.3557203330245673
1.3407893356154947
1.3451018742152623
1.3244839325929298
1.3559250674157772
1.3233575008132241
1.314162481914867
1.3399862679275307
1.345253529007902
1.3529903821542228
1.331214996178945
1.323872725168864
1.3462597041759852
1.3074373149871825
1.3413088247179985
1.338277110866472
1.3180692292028857
1.341539590786665
1.3154691525868007
1.3082930060881603
1.3522642048505635
1.3373848514736824
1.3358471924843995
1.330824977821774
1.3255190908908845
1.33299836401756
1.3241105235141257
1.3212329343513207
1.303111508741217
1.3329727473082367
1.3223234432846753
1.3361444703319616
1.3396543386654975
1.3153451303641002
1.3221888311149539
1.3215286286077768
1.3252567291259765
1.3211377244442701
1.3558124877788402
1.3146672511504869
1.312651102542877
1.316691702809827
1.3379718218699541
1.3394565480511362
1.3471073100011643
1.3552315644919872
1.3264189688364665
1.31521487981081
1.3279070717389467
1.3133012487533244
1.3425918384031816
1.3262347049183316
1.3512279503047466
1.3243518575032551
1.3471237421035767
1.3242465291224734
1.337243863722173
1.313946505810352
1.3438972234725952
1.345097115699281
1.3113783575453848
1.3339346750922825
1.3228785244973151
1.3176971856428652
1.3116285557809628
1.3095219469070434
1.3036047169502745
1.3232325412131645
1.3451347156446807
1.3181657791137695
1.300838702026455
1.3208350629022676
1.308277390897274
1.3253121839629278
1.3299141517326014
1.3151725747368552
1.3376406266139105
1.3202560011376725
1.28696053842955
1.3070176514712246
1.3090668813935642
1.3119854978152683
1.3399866780927103
1.290748445611251
1.3169298961938145
1.3426757007837296
1.3326688928807036
1.3226754097711473
1.3235656442776533
1.3262412039245046
1.332586447779949
1.3302759513622378
1.3222720531316905
1.3282450948442732
1.2979096058876283
1.3064884299963293
1.3157032591397646
1.3191655211978488
1.3303612115090353
1.308917020048414
1.317460015896828
1.3444812615712485
1.3178293351288681
1.3169362514446943
1.3375222847379487
1.2830289213553718
1.3240994004642261
1.2976944488391542
1.308530147259052
1.30923196886267
1.326619291305542
1.3125896615826564
1.3193876128643751
1.3171535730361938
1.307529491457072
1.314893630288896
1.3202580950476908
1.303809497870651
1.3185925468802453
1.2740393249612105
1.2836313306308182
1.3353936575554513
1.3115921222557456
1.307784150476041
1.3071791011779035
1.2959809922552727
1.30370132625103
1.30344579075322
1.299957460048152
1.3165130001125913
1.2988793349560397
1.3155553778012594
1.3159416035601967
1.3009549546660037
1.2959631987980433
1.3204275369644165
1.2938448949293657
1.3078734466007778
1.2973545144001644
1.320203805456356
1.3032164697845776
1.3109119276205699
1.297741697545637
1.3393416709678119
1.3151754805299103
1.3109475899310339
1.2679337995094166
1.2854823796979842
1.305399191530445
1.3048759006684827
1.29246533314387
1.2725654668532884
1.3072178899572138
1.2578054735293756
1.304776668548584
1.291225101413398
1.2801130762640036
1.3143239224210699
1.3007232427597046
1.272071711719036
1.3181557366342256
1.2874296840868498
1.29413764512361
1.281799335429009
1.3014866987077316
1.2899147218732692
1.2850296789949591
1.310504581089373
1.2804557194654969
1.269532224488637
1.2912264829096587
1.2727381123436823
1.2890932166699283
1.3026136010885239
1.2820580720901489
1.2802768828163684
1.3137832759301873
1.263182144612074
1.2688896273666959
1.2903098979238736
1.2781119234421674
1.2779475251833599
1.2824368580527927
1.298147583549673
1.2788363004076309
1.3079282869527369
1.264852209788997
1.2758915554732084
1.2685961684873026
1.2717146681887763
1.2784197387241183
1.28606935271195
1.2732167575094435
1.2864528430832758
1.267268889090594
1.25098622578841
1.2921598215360899
1.2869410815748197
1.2872015806344839
1.2795707514652839
1.288007332219018
1.2909628741712456
1.2954142522468841
1.3029956905930131
1.2927302903142468
1.2923727130889893
1.2625976090735578
1.2762609620889027
1.2887141599989773
1.271078382651818
1.2831970560016916
1.2689475972076942
1.288041321436564
1.2775968519846599
1.2844866625467937
1.2651641610302502
1.276726774374644
1.2743187851094184
1.2765018891315072
1.293648089374508
1.2714992398801057
1.2639412879943848
1.2524759898702782
1.2663946566374407
1.2841567060221797
1.2835947585105896
1.2575380253791808
1.2627524902571494
1.2776568335294725
1.2629663304046348
1.2645944997116372
1.278873498477633
1.2710236700213686
1.251187833150228
1.2483355442682902
1.2856864950486593
1.2783469041188558
1.2805923382441202
1.2612973302602768
1.2454617088967628
1.2762248985310818
1.2649081318001998
1.2687096496423085
1.259205506772411
1.26437129203011
1.296022505130408
1.2498075122183019
1.2799886581944484
1.2480501098397336
1.266960850981779
1.2661715007963634
1.253832177321116
1.268657949566841
1.2809253762929866
1.2705667595286945
1.246448566019535
1.2636385079887178
1.2387551301863136
1.2481571668531837
1.2657254279828538
1.2660494474385748
1.2789369932440824
1.2409300712438731
1.2697713244706392
1.2676209396329419
1.2706201205382477
1.2687622023665386
1.2493052673339844
1.2570136093798978
1.2584440969441035
1.2558850655790235
1.2680326119447365
1.2455329791999157
1.2641033002699928
1.251747491747834
1.259505226028909
1.2744136493781517
1.2578925721499385
1.2436765503527514
1.2502262517809868
1.2663242506980896
1.267296188586467
1.2607231537501018
1.2523595979898283
1.272636585119294
1.2503229893636012
1.253732099825022
1.2264247179031371
1.2676180362701417
1.2524237378698881
1.2504885512239792
1.2588338800545396
1.24306360148547
1.240043240050747
1.2431895383133376
1.2442627315935881
1.2405689120292664
1.265912705997251
1.2457736217058621
1.2646252314249675
1.2512103092821338
1.2364356120427449
1.2619585367517734
1.2217851408411948
1.2796714034947483
1.2525731209552649
1.2429640392462413
1.2338271189709098
1.2358001775857879
1.2729868420930666
1.2286031454328508
1.2472702170673169
1.244743419730145
1.2638219793637593
1.254584530989329
1.2114377856254577
1.2490760903609426
1.2488795564724848
1.2224811838597667
1.2396673679351806
1.255446720507837
1.2290056483787404
1.2444281658204663
1.2353762002058433
1.2238966303212302
1.2614715664010299
1.2237010621107542
1.2634115967096067
1.2438862029608193
1.2274641650063651
1.2451916703006678
1.2412460045736344
1.2314981733049666
1.2274776261950295
1.214119368669938
1.2389920338799683
1.2325847205661593
1.251742089788119
1.252669624135464
1.260687560274981
1.2307027538170976
1.2501695472073842
1.2414922482437558
1.2229819138844809
1.2469277952028357
1.2392118679334039
1.2310792836878035
1.2417976694591975
1.2307217045947239
1.2341012835502625
1.2240298545523867
1.2227356617267315
1.245513411129222
1.2284504445093982
1.241408555848258
1.2626180251439412
1.242184858168325
1.2335949884520636
1.262784010485599
1.2217352823777632
1.2317788646771357
1.2509955521672964
1.2000405204539397
1.239317525146354
1.2487902248777993
1.2453709110617637
1.207174681481861
1.2275558645075018
1.2383561711157522
1.2368410503542102
1.221013583388983
1.2325005353765284
1.247996490735274
1.2426867927823748
1.2337505538412865
1.2338732261599208
1.2442021708230715
1.2507882629122054
1.2360237091779709
1.2245559018986825
1.2377862366763028
1.2282166064731659
1.2344294560366664
1.22835542447865
1.2283892133567906
1.2357343319923646
1.2140875222548
1.2414429875520558
1.2378394950519909
1.1869585898614698
1.2266098620756618
1.2321044107278187
1.2378483834090057
1.230088980019498
1.2303219095605318
1.2533582910895347
1.1999611496925353
1.2258933754854424
1.2439960559209189
1.211719431528231
1.2386506377604969
1.2294808539791384
1.2269077619461164
1.2127841114997864
1.2317130749042218
1.2338225966069236
1.2088317619243139
1.2430061101913452
1.2240266114815899
1.2212395345463471
1.2307146613796551
1.226514341575759
1.2407779202741736
1.2147913497002398
1.2294543270479168
1.2362608396089994
1.239703681561854
1.2319106699815436
1.208574538429578
1.2206410813185335
1.2384002831444811
1.215677289129461
1.2179015809839422
1.2193603049153867
1.222142171292078
1.2270773462951183
1.2329069375991821
1.2277711109912142
1.2131813620527585
1.227380690574646
1.2219528817548984
1.2306278900188559
1.2147834546787222
1.2371211808461409
1.2514430031631931
1.231404923874399
1.2193393795578569
1.2265984559059142
1.210118865144664
1.2039621165022254
1.2272911317764768
1.2250405729941602
1.221652578562498
1.226243330673738
1.2182939493492857
1.215844700260768
1.2269054764793033
1.224779339546853
1.23441586682671
1.2232591807842255
1.229047918761218
1.2017895704821537
1.2260789443285038
1.2319868645247292
1.1993513487754983
1.2371721155941486
1.2087591299934992
1.2212587523816236
1.20452872783907
1.22017912339356
1.2127850110503449
1.221075658445005
1.2200654703274108
1.205574483430686
1.2158757633720803
1.2406777143478394
1.2236940846210573
1.2105034820495113
1.2070894682848896
1.2166929688209143
1.2202211033623174
1.2186884268195228
1.2028191946085216
1.2153430636539015
1.215183243573269
1.21408138896378
1.2041787216157624
1.2234503206659535
1.1949268370061308
1.1869129019754905
1.2158675881532521
1.2095252018940599
1.1961932824208186
1.2083423017565884
1.2077678036921233
1.2133664700944544
1.2034305247393522
1.211741494350746
1.1902842829304356
1.1958179742517605
1.1972506910562515
1.1953124034972418
1.1993624087983528
1.212478108406067
1.1959231995247506
1.193972886692394
1.1961338469105909
1.1798562856463644
1.2012323747601426
1.2062125015258789
1.2018688130378723
1.189149311331452
1.2060735265860396
1.2086841488877933
1.1979934525215763
1.175937338807117
1.1933306834914468
1.1946035566784086
1.1934356079545132
1.1956635661747144
1.2056654037498846
1.1930161844938993
1.217477182210502
1.1773506461120233
1.20884595178578
1.2172622680664062
1.1931751114981515
1.2024733238220215
1.1821572888981213
1.1877884020407994
1.1807565689086914
1.198339600672667
1.1853393839626778
1.1853867411613463
1.1938319873809815
1.1934838155905405
1.1998943229054295
1.1765231016354682
1.1958035835078065
1.1765147465246695
1.1980253698220893
1.1896931992636786
1.1819597801991872
1.1844663939305715
1.1680731660610921
1.1944223216601781
1.1589177999740992
1.1798081730687342
1.1872756918271383
1.1922365456330972
1.2144017274989638
1.1725648222742855
1.170141773708796
1.1841578679006608
1.1778692072088068
1.1767320100750243
1.193810707077067
1.1946789686311812
1.2060377974259227
1.1823380744818486
1.186190629616762
1.1707966751522487
1.1980004752123798
1.1906426769715768
1.1793187553232367
1.2034041579089947
1.1910126649198078
1.1723729769388835
1.1738150765498478
1.1827751542582656
1.1737408384680748
1.1918376779556275
1.1606625730083102
1.1826098353363748
1.1714210725221477
1.1895895251980075
1.1809047167418434
1.1621701253785028
1.184911698470881
1.1994333145982128
1.1930038673537118
1.176069852633354
1.1838210033158125
1.1692995101633206
1.1714336389803703
1.1849952854893424
1.184676911471025
1.1756710931658745
1.1660045110262358
1.1615145012389783
1.187465404431651
1.2023456638509578
1.162386094180631
1.1651230634204925
1.1796571483799057
1.1714941698151666
1.196240837375323
1.1934450028235453
1.152529035295759
1.1727119012081877
1.1636571392180428
1.162555529957726
1.1886320578849923
1.1810466299454372
1.166561929006425
1.1886564321517945
1.190582857131958
1.174853227576431
1.1737977615424564
1.1858328770900117
1.1947275540407967
1.178698946038882
1.1682204723358154
1.1661361037910758
1.1715702624388145
1.1588216781616212
1.164848553282874
1.159654779434204
1.1749347834026111
1.1645245327465776
1.1945319536120393
1.1703026164661754
1.1792489054824125
1.1618716170988888
1.1812268075617878
1.1674740600585938
1.1811906166796415
1.1771792251555646
1.1828422488704804
1.1595809035831028
1.1682198507951038
1.1737293532261481
1.1787276255587738
1.164264293604119
1.1523428138097127
1.1743204830548701
1.184706787629561
1.168451670287312
1.1819244952037418
1.1859853537186333
1.1404119350693442
1.173218442696959
1.1752496330361617
1.1512542425609025
1.171296513080597
1.1753082262433094
1.1516798404937094
1.15032808563926
1.1582541699345048
1.1575751174579967
1.201236432393392
1.1692988659654344
1.1626809258013964
1.1754095804544142
1.1692803600709216
1.1653624089037786
1.189932608604431
1.187048390507698
1.1511046847989481
1.164332284710624
1.1673459173685097
1.1766011136681287
1.152639519373576
1.1685341939611256
1.1779397243055805
1.142776641845703
1.1771042464209385
1.1744234282523394
1.1762458439226504
1.1658160166001656
1.1739664422026996
1.1718914160188638
1.169631826704827
1.1667836201190949
1.1911978938362815
1.1722489616327119
1.1895812922402431
1.1807666971133306
1.176162244437577
1.1845820875544297
1.169463967735117
1.1600507082939149
1.1901669378081958
1.1655997387740924
1.1567972337498384
1.1797457796926716
1.1731708917617798
1.1734716185817011
1.1600745815341755
1.1391345113515854
1.1696575273167003
1.1715212875399097
1.147133141135176
1.1569728155930836
1.158210382858912
1.1619524133616481
1.1598828943764292
1.1554678257773905
1.1686349676010457
1.1604672743723943
1.1700216996319153
1.154365066754616
1.1815418066122594
1.1701926876391684
1.166094099321673
1.1655097972779047
1.1695904236728862
1.1557040810585022
1.152656277523765
1.1603338917096455
1.1740661666673773
1.1559534440805883
1.1605966540633654
1.174617009030448
1.167116348189537
1.1702804233207078
1.159598421305418
1.1764309314581065
1.168397129559126
1.1676915764808655
1.155959241092205
1.1545045375823975
1.1607550208385173
1.158441240970905
1.1585296312967936
1.1584133455451107
1.1710473139111588
1.1659540330108844
1.1625701865907443
1.1751139467045413
1.1963548921957248
1.1736393437207302
1.150354984091289
1.1803695459493855
1.1525382577483334
1.172586844291216
1.1548250274285259
1.1503510956580822
1.1581095566554946
1.1622411157145645
1.1670517447667244
1.1754332504102163
1.1465753605077555
1.1591461886439407
1.162645611581923
1.1480487210135306
1.1539164526121957
1.1565534487748756
1.1526297012964883
1.1516302171591166
1.170716176903437
1.1449409100446808
1.1657564986835827
1.1482625682564342
1.1765184794153487
1.163148972858377
1.1797579889712126
1.158791931926227
1.1369627480921538
1.1525207925587893
1.1660851902431912
1.1612016578189661
1.1693656388844285
1.1510028844842544
1.144089518903612
1.1506909959572407
1.160560010818013
1.159257642515413
1.1513094853271137
1.1597331651051839
1.1459357579549154
1.1606326313579785
1.171781503792965
1.1540744638442992
1.1372366343225753
1.1618168916021074
1.1514126679918788
1.1310130113905126
1.1423800059200562
1.1475688182726138
1.1498518750585358
1.1703850150108337
1.1500520619793215
1.1499154325844585
1.1747239639119404
1.1442092723316617
1.1641662261987988
1.153865314763168
1.1621044360929065
1.1554369146441237
1.158290123238283
1.1682579726786226
1.179428219795227
1.1695144442897853
1.152801371088215
1.1595736742019653
1.1590794171605792
1.1454323425486281
1.145232352555967
1.156687781214714
1.1687452611276659
1.1552324096361797
1.152754498379571
1.1469472828557936
1.164706878504663
1.1607988235798288
1.164302779407036
1.1565732556384998
1.145332895219326
1.1696937460648387
1.1666370415687561
1.1827747225761414
1.1546219498553174
1.1580054458945688
1.1381102482477823
1.1623825028385084
1.1623084320212311
1.15719601949056
1.1491029592660758
1.139064854841966
1.1473472876982256
1.159150860027263
1.1522963494062424
1.147510680769171
1.141250598721388
1.145235096508602
1.1443994873529906
1.1538154521296102
1.171297354213262
1.1584606033105116
1.142073588958685
1.1530089203049154
1.1437510520219802
1.145007323473692
1.1422754446665446
1.152703714721343
1.170978687026284
1.1430884317918257
1.1528542397858261
1.1607493123450836
1.1254815323443352
1.141496943850671
1.1590763660413879
1.1613644604620181
1.1477259436139353
1.1573331594467162
1.144728699233383
1.167192740873857
1.1789745862285297
1.1460144869212447
1.1397640598671777
1.1504941701889038
1.151864003194006
1.1506087194409287
1.127514427441817
1.1407777070999146
1.1419417166415555
1.1467856926076552
1.136158436536789
1.1436062168918157
1.1391317355828208
1.144349001135145
1.1405632208133567
1.1365817712277781
1.1517117963982868
1.1149360435764963
1.1546977057176477
1.1451762354019845
1.1388517307841088
1.115484139858148
1.1459176149219275
1.1347796589136123
1.1384708771150407
1.1348650758383705
1.128871997607123
1.1427841611871137
1.1489108335226774
1.1488622752949595
1.1338064968585968
1.137002778479031
1.1462691525618236
1.1432391374539106
1.1527053169582202
1.1527638924121857
1.1642419291394097
1.141261132558187
1.139901766512129
1.146624233639031
1.132540640623673
1.1355152434772915
1.1351446141214931
1.1439473697772393
1.150025921208518
1.132327087341793
1.1472674422576778
1.1544716645564352
1.1605282099016252
1.1335220158100128
1.1379043093094459
1.1096813475692666
1.1424052655696868
1.1434455309063196
1.150159320661
1.1247277909651734
1.1377801934878031
1.1241161306114758
1.1384414524743052
1.131802906592687
1.1322961055626304
1.1345496053965587
1.1388524078553723
1.1381466540884464
1.1496938959757488
1.126279237942818
1.15178586195593
1.1317784086106315
1.1244495198840188
1.1345338859255352
1.131525746098271
1.1269184092977154
1.138432791677572
1.1161007903516293
1.1534230182337206
1.1291861670223746
1.1473094509282242
1.151192049185435
1.121436722197775
1.1486794250767405
1.1396801158001548
1.13237053376657
1.161919116973877
1.1460246805633818
1.12613307075067
1.1352962449193
1.143084206079182
1.1332730722427369
1.1342655304652542
1.1381930897731591
1.1446426719814151
1.1439026770768341
1.1321733644453145
1.1409253799915313
1.142964598379637
1.144818588838739
1.1360293470445226
1.137012400009014
1.1362902005513509
1.152399371067683
1.159757321956111
1.1151435951391855
1.1353219359210043
1.1342956977732042
1.1149394918179167
1.1361151654998978
1.114521978961097
1.1308321692049503
1.1578024664232809
1.1571433769690025
1.144087010469192
1.1386849182717345
1.149571420116858
1.1521140220118504
1.1229817390441894
1.1481669288162792
1.1348035543683976
1.1540824971322357
1.135604977607727
1.1483610544288367
1.1434413641691208
1.1211775718349042
1.1523446538676954
1.149502625832191
1.1396910470464956
1.1229304661673885
1.1390676371978992
1.1442106127738954
1.1324155639101576
1.1338436750265268
1.1303247979709081
1.1505844825651588
1.1417832242117987
1.1477840554039433
1.133085519659753
1.143205112599312
1.1481078102670867
1.1245142571423032
1.1474623286977728
1.1350984627550298
1.1394968210761227
1.1488597393035889
1.144175825715065
1.1421430072227081
1.1448741654555004
1.1454172672763947
1.126579587459564
1.1423720512539148
1.1322598041672456
1.1416468251611769
1.1318766535192295
1.1456470913806205
1.1415714461069841
1.1383231177049524
1.1217992968029447
1.142675378700582
1.1347810664075486
1.1393369306092975
1.1476566784522113
1.133257781637126
1.155977189540863
1.14257353246212
1.1313398696374202
1.1506828419745914
1.1447612328962846
1.14810781986987
1.129323717055282
1.1469786454130102
1.1207244979010689
1.1338059071338538
1.1283892058489615
1.129592807094256
1.1441125371018235
1.130218313981409
1.150429871751041
1.1346995092149992
1.1293109542336957
1.1382867922292692
1.1617639351774145
1.1558804512023926
1.1399092044723167
1.143553209754656
1.1391835140215385
1.1450197389048915
1.1290362403942988
1.1415899991989136
1.1422476633902519
1.135663257270563
1.1382593257086617
1.1287522315979004
1.1440332500965564
1.1351355652310955
1.150301352353163
1.1393712860132967
1.1324606971307234
1.1472512346799257
1.1353590946931105
1.1280843549304538
1.1476316348366116
1.1431981466584287
1.1395001420014197
1.149511841878499
1.147114258854329
1.1288049031387677
1.1465772368013858
1.1427746867692028
1.1313395610789663
1.119240893125534
1.1258613841655927
1.1404560804367065
1.1351743456605192
1.1206406587261264
1.1312432194628366
1.1413928843313648
1.1046840250492096
1.1522935557365417
1.1165194386436093
1.1413906054063276
1.142297428722183
1.1300720497965813
1.12889377042359
1.1206784188747405
1.13644139381016
1.1294802157460033
1.1285578747440999
1.1253248287571802
1.1386963297339048
1.133465151317784
1.121558165550232
1.1098208812375863
1.127282595066797
1.1252909975667154
1.1232729274947364
1.1287262892421288
1.1266437912428822
1.1260420910773739
1.138208756321355
1.1283913243491694
1.1209452390670775
1.117009584720318
1.1200486212163359
1.1302439123392105
1.1358712456994138
1.1247912034930954
1.1019746503739987
1.1195815689861774
1.114268125228162
1.1206175703268784
1.1230979022280922
1.1126097215796418
1.1186790050644624
1.0891224191739008
1.1227720772163778
1.0978051209912716
1.1267142288096539
1.1137320086252775
1.114288530130496
1.129252338922152
1.1235785718824043
1.1076180224387062
1.1358323824870122
1.114972957306438
1.1269234596793332
1.1132282620728617
1.1163465683920342
1.1210612616231364
1.1091983265110426
1.1078202399340542
1.1186265536717006
1.0947115542442818
1.1002277075489866
1.1214645635663418
1.1068389404278536
1.131872049636311
1.1058266998993025
1.1202502229384013
1.1044958784030035
1.1009466715578764
1.093080793108259
1.1046635794245507
1.0964365462462107
1.1097006733928407
1.103653437561459
1.1111357621399753
1.1210676339956431
1.1048095151782036
1.1140356225626808
1.107778328870024
1.1061078419963133
1.108650412290327
1.119232277659809
1.0921736443654084
1.1039982129787576
1.1117586672306061
1.1259243897537687
1.086942505480638
1.106102244156163
1.0880436668029199
1.1160698060719472
1.1100133968000652
1.115593896721894
1.1142984194414955
1.1069520440432106
1.1065721520479175
1.0909717546568976
1.1161434760460487
1.1038050137314142
1.0967955493927002
1.100911177121676
1.088952328477587
1.0947518935709288
1.1018566631559115
1.0919818232830305
1.1029872298240662
1.090182747549683
1.0852589436939784
1.1032557273978618
1.0875704473462597
1.0940911478322486
1.1090867168763106
1.0864705162889816
1.1047956775396297
1.0965707516670227
1.0995015033175437
1.0970807413996002
1.088139869132132
1.1115753811139326
1.0925956812310726
1.095415668588289
1.1125162657230132
1.0888787819580599
1.1009524707440976
1.0957607549729107
1.088885439654528
1.0842168188095094
1.0934059619903564
1.1086309016761133
1.098884152153791
1.0840744428012683
1.0916437463326887
1.0968415714227235
1.0904291522675666
1.1242468589312071
1.1062585843073858
1.0922011373371914
1.1014522508133289
1.1072672818913871
1.1037486172639406
1.0958108925661505
1.1015308253905352
1.0910157573223114
1.1019362824804642
1.102107142473196
1.1056627796755896
1.0924084628069843
1.0950054435168997
1.1000008315875613
1.0916132039212165
1.0751164777156634
1.096348882585332
1.0810295604822928
1.1032928503476656
1.0886534722521901
1.0868442897893944
1.0959378225462777
1.0932078985497355
1.0958446987469992
1.090032011270523
1.0921443287064048
1.0814072285827838
1.1204226883128285
1.0864786868807914
1.0862367226527287
1.0904994689185044
1.0879448991555434
1.0940682973180498
1.0947204139970599
1.0840299481695348
1.098253095287016
1.100612893923005
1.0970551926228735
1.0963395974969352
1.0852881056420944
1.0808170832378763
1.090539967784515
1.0987439012527467
1.0877207423511304
1.0951835362710685
1.0884880322330404
1.0972246302140725
1.0960377247437187
1.0903464801171248
1.0988878246509668
1.0907993018627167
1.0792425747575431
1.083508353584852
1.0948677197098733
1.0924131631851197
1.084950416133954
1.0930093355476855
1.0885686336025115
1.092022063101039
1.074376217862393
1.090702464674959
1.102093535756308
1.0845284821131291
1.0823837822133844
1.1044237123126477
1.0989178161363344
1.101729158560435
1.0779445854326088
1.0865486979484558
1.0887375889199504
1.1027632402256131
1.1105294329054811
1.0870490018526713
1.099950407232557
1.0921927759280572
1.0958048686748598
1.0840457574180935
1.1083290988748724
1.085579131924829
1.0908638722654702
1.0946433544158936
1.1131836276787979
1.1011729041735332
1.0993635040341
1.0848616683169414
1.1082441815558601
1.0924513553505513
1.0862397444434464
1.0784250206725543
1.092139033935009
1.1033611747453798
1.0846329144757203
1.084525316953659
1.094134699730646
1.1034879561972946
1.0839443371213715
1.0915639703090374
1.1059089111069502
1.094880329840111
1.0954098288308491
1.0850860127380917
1.0941025139921803
1.0913553991251521
1.1030196157785563
1.0897593778722428
1.098431487341185
1.0837009860919071
1.102382385959992
1.0962855171184152
1.107806489684365
1.10155717438122
1.0842604308712238
1.0899154945861462
1.099676691967508
1.0782915542523066
1.0928909045750979
1.0888364177483778
1.0926635462813583
1.0971892583370209
1.08399820074122
1.1017171177599165
1.069976694881916
1.0854387468761868
1.0897737762125412
1.1040191992565438
1.0834619369771745
1.0859142456735884
1.0922947646915049
1.0996769854316004
1.0893862217664718
1.1017210777703819
1.0864312311536388
1.086116189586705
1.0933353074391683
1.109365253072036
1.0956494823098182
1.0883125202222304
1.0849942329903723
1.0925573702244198
1.089101956784725
1.0948574515906246
1.0975814092008374
1.0941737294197083
1.0803022648467393
1.0944397942773227
1.0749476539327742
1.094434909084264
1.089480539614504
1.1002447616379216
1.0867434450321727
1.0871651457703633
1.0835558583464804
1.0806362528067368
1.0874174783627193
1.089519185588715
1.0897126851173549
1.099165164762073
1.0844051343090129
1.0903738168569712
1.0937254914531
1.0900967121124268
1.0872991640459408
1.0739728302666636
1.0993567477254307
1.0904973023129205
1.0797844100416751
1.0814330739279587
1.0844877447400774
1.0960178703069687
1.0875082734957744
1.0952106548137353
1.0917279502035866
1.099564463405286
1.0901990565988753
1.084622630832392
1.0697597571469228
1.075518457407362
1.074191743252324
1.0813335211419348
1.0773451026481917
1.081901199462121
1.0746918073514613
1.0853986098910824
1.0897155297336294
1.0865088648848482
1.0774955174752645
1.0837353096379863
1.0876585265167622
1.0826945824826018
1.078453801870346
1.088085976647742
1.0836514406285043
1.0759735800124504
1.0929220914840698
1.0861294215375727
1.070670947432518
1.0708406021796077
1.0603793388918827
1.0813830431018556
1.0675218610440271
1.0870262613663306
1.0668853699386893
1.1011412170800297
1.0849976501887357
1.0840054630231457
1.0863031274393986
1.086635640822351
1.0923008347812453
1.0719110444188118
1.0841041858379656
1.0717732686063517
1.076857006863544
1.089289459175077
1.0786900973320008
1.0847651356950812
1.085130624806703
1.0842583158186503
1.081448239249152
1.0813643744458323
1.077514110103486
1.0950661581389758
1.0829652975767086
1.0577303320169449
1.071118208454616
1.0746622631105327
1.067907787737299
1.0757719941437245
1.0688072472810746
1.0645404449014952
1.0620502153086284
1.0783914061693045
1.0748379230499268
1.0754882722131667
1.0880464201464373
1.0748913392424584
1.0741639416063986
1.0623457729816437
1.0643430312474569
1.0763203681461395
1.0652447104454041
1.0791260079405773
1.0776518424972892
1.084681951774741
1.0717510848805525
1.0720428813967788
1.0721636980772018
1.0736085971196492
1.0838663814091447
1.0690707564353943
1.0843000706873442
1.0759792406308024
1.0901600981162767
1.0759452806328826
1.0786016484101613
1.0685946013509613
1.081753300993066
1.068814708014666
1.081557612810562
1.078530875425185
1.0889077840312835
1.077485742076995
1.0608991552406632
1.0686002607856477
1.0849709327404315
1.0708374123681674
1.064228319714212
1.063245780233826
1.0721216530443352
1.0686053706182015
1.0636297258592786
1.057218291336977
1.0896898616443982
1.067426035278722
1.0737921737489247
1.0706660936416035
1.061537891626358
1.0791941952349535
1.0700620789527893
1.076817032504589
1.0679507161441602
1.0741722565430862
1.0618601401646932
1.074121449832563
1.0666967743429645
1.0749534374358607
1.0766948186434233
1.0619030594825745
1.07922925055027
1.085495167884274
1.0853876460481573
1.0755482095938462
1.0829198341006818
1.070874254644653
1.0668070650100707
1.0828297168317467
1.0922736815280385
1.0661903383402989
1.0762402498931216
1.077685371041298
1.0880679786205292
1.0722182529014455
1.0738600380718708
1.071250665713759
1.0651962005843718
1.0765723177831468
1.0864658944986083
1.0749820434130155
1.0915988648639006
1.0831927787173878
1.0694313386212224
1.0774198802960973
1.0760033671061198
1.0807252944561474
1.0760843203617976
1.0821507970492046
1.091242645916186
1.0786375013264742
1.0646863765075427
1.0715546440333128
1.0701112343418984
1.07196050978476
1.0716051558653514
1.0819593434240304
1.0643992194284995
1.0697592557340427
1.0801949526222658
1.071585242326061
1.0859967655494434
1.0720170956391555
1.0804223867884852
1.0642065318191753
1.068801559385706
1.0778077244758606
1.0755737809861292
1.081383153393462
1.0855433277364046
1.0812791019189554
1.0860446424319827
1.08278886886204
1.065550829234876
1.0691105414585895
1.0835780760175304
1.0818875200540117
1.0740422713951987
1.08491748962246
1.0810410976409912
1.075961445569992
1.073340220451355
1.0701395601466082
1.0755529257486451
1.0771013552492315
1.0844192131360373
1.0789984807576218
1.0927106265364022
1.0864565968513489
1.0907483940393152
1.0775902265061934
1.0907118305181847
1.0890257110198338
1.097026008626689
1.0853159109751382
1.0903967499732972
1.0847089796969034
1.073686356797363
1.0822281047829196
1.0884730867717578
1.0693462017070816
1.0957668060841768
1.0813215090168846
1.0750999726355075
1.0851200230709919
1.0780262339035136
1.0809267684817314
1.079928438618498
1.0894908951388464
1.100789303319496
1.0766237567771564
1.0670316432729179
1.0806935537192557
1.091273894533515
1.0749253249168396
1.0946670881024114
1.0739036264518897
1.0862270575303299
1.0952522993087768
1.072684853275617
1.0787393450737
1.0639691475559683
1.0766341894171958
1.062538153720352
1.0771400022112634
1.067133060632608
1.0771881639957428
1.069060630762755
1.0711144506931305
1.0791881570690556
1.0865976229310035
1.0802023998788886
1.065146944175164
1.07868994474411
1.0824946497616015
1.087516427766986
1.0751439174439044
1.0965386796415897
1.0699823755736744
1.0836898266495048
1.0768563686273036
1.0839710495164316
1.0680730110261498
1.089336839933244
1.0725390347101356
1.0867988480461968
1.0788773118325
1.0739629401101007
1.061502217482298
1.0770496877412947
1.062304244041443
1.0823737371426363
1.0738025671905942
1.0728397793333295
1.0840587340868437
1.0698397216342745
1.077520340681076
1.065708838276944
1.0738750996552116
1.0788447595622441
1.0688081951368422
1.0686534906134886
1.0637600885497198
1.0777777607242267
1.0642372147981511
1.0789290117839025
1.0573745000362396
1.0810145446232386
1.0839217856074825
1.06744508114126
1.064442081451416
1.0592871697052666
1.0685533792058999
1.0756878960563476
1.0691726646925275
1.0549427390098571
1.0715744655523727
1.0645779952590848
1.0598453105385623
1.0707888623415414
1.0713796327854026
1.0666818123359185
1.0749984456867467
1.0778284588856484
1.060024723614732
1.06190656882066
1.069755876348132
1.0739818811416626
1.0641403459522822
1.0738853015632273
1.0645592151017025
1.0641880379989743
1.0707788228988648
1.0754096784542517
1.0613013525585553
1.0664661924044292
1.0724786356572182
1.0796124196570853
1.0695719848717413
1.0605210623183807
1.0618834603163931
1.0886668849449892
1.0786760626015839
1.0677329970372689
1.0687021168795499
1.0606106983290777
1.0642264504586496
1.0711507940292357
1.05979623373817
1.0543607862790425
1.070296868069531
1.0799414694309235
1.0614160268993702
1.0753252790087746
1.0638590282704457
1.0723597472364252
1.0716427757459528
1.0769746553897859
1.05932736488489
1.0731706986688587
1.0586584786899755
1.0624159185091655
1.0639771658276755
1.065587613120008
1.0868422291495583
1.0624347713034032
1.0716736049487674
1.0692852278550466
1.079983730007101
1.0554132811401202
1.0636864242882564
1.0769547797456573
1.0658295357074492
1.068918640272958
1.0518888905644417
1.0583392308308528
1.0693716382327145
1.082012894018641
1.067346502994669
1.0612171364993583
1.0639902013998765
1.0592785364999546
1.0569681638763064
1.054942674934864
1.0651392348400959
1.0403610567251842
1.0610937078793843
1.0697326456030753
1.0538777839053761
1.062862672589042
1.0575598700571869
1.0555187061235503
1.0725935049427366
1.076825339347124
1.0774798027256078
1.0586000592150586
1.0685659148653999
1.0541614943475865
1.0664399933006803
1.069960021747733
1.0648438261105464
1.050238884013632
1.0588728296222971
1.064914562279665
1.0617830039250968
1.0614777326583862
1.0483787525190067
1.0565591696146373
1.0499628900095475
1.0579395469175565
1.0644004687948048
1.062816673517227
1.0733296860348094
1.0659029998191416
1.058445218783706
1.0487232786767624
1.0710339744885762
1.0658026192432795
1.0566109716892242
1.0497865014606051
1.042204162105918
1.066714142759641
1.060368085411233
1.0553818089621407
1.0599062082208233
1.0720435174894922
1.07106366786328
1.0685137217006986
1.0632449692609358
1.0565614352623622
1.0706977446873982
1.0658298106864095
1.0579842963279822
1.042160988693506
1.0493470892823975
1.0583770537780504
1.059164542262837
1.0745070743851546
1.0580797645934792
1.063927764420981
1.0604154313548226
1.0459641003981233
1.0510331216980429
1.0696145901756902
1.0659331620579036
1.0724631569734433
1.0562317514083754
1.0433454314867656
1.0521888471486276
1.067063960466492
1.0547295940124382
1.0593985153026269
1.0608526211750657
1.048175621213335
1.0578469229596001
1.046736172758616
1.0536080728738735
1.0558938224246537
1.0400622308254241
1.0610817191296054
1.0625486058347366
1.065095403459337
1.056399114753889
1.0649119761952184
1.0656382701089304
1.058604277781586
1.064250374712595
1.0574715474866472
1.0447257567745771
1.0640951080454721
1.0588063766558966
1.0448309167639
1.047578899756722
1.0663405478615122
1.0602402206677108
1.0459474759797256
1.0562816522338174
1.0430554852151035
1.0549705820424216
1.063904148592076
1.0474513863760329
1.0517486205467812
1.0563710188424145
1.0563842747892653
1.0584387942856432
1.057756147433802
1.0704739745016452
1.053240692423236
1.0498979900564467
1.0583241953366045
1.047229895668645
1.0574728686635086
1.0600555878059537
1.05044822622748
1.0548515942559313
1.0583434838515062
1.0544580373653145
1.0584823554212397
1.0525799155235291
1.061432945728302
1.0529989385604859
1.061426801873105
1.0553073410330147
1.0397599532570638
1.0618943016407854
1.0554180941661866
1.043854949871699
1.0503909952604948
1.049710011040723
1.0568630212062113
1.0536786339112691
1.0506512678187827
1.0580068109808742
1.0626693227074362
1.0671087418283736
1.0484399923608323
1.05253952840964
1.0556491447819605
1.0504199164254324
1.0641601880391438
1.0639005469925262
1.0469801005769948
1.0531263302584164
1.056635441202106
1.0533874759487076
1.0603469882981251
1.0496106656158672
1.0523524602254233
1.0490752379099528
1.0657785696498419
1.0594565398256544
1.0437662694603205
1.0467475678609766
1.053493192735708
1.057052639623483
1.0552695812657475
1.0521931431510232
1.0552821449744396
1.055281494502668
1.0626512724056578
1.0425025697738406
1.047286452991622
1.0595353710651398
1.0668217635154724
1.0531784403018463
1.058966606162315
1.0424481304486592
1.0747862038478044
1.0697551743189493
1.067835564966555
1.0573043007117051
1.0686297315946767
1.0561767236606494
1.0533157652243972
1.0508925047787754
1.0578092085687738
1.066505201963278
1.0455188717797539
1.0538857365554233
1.0542107375113519
1.0523493723435835
1.050558324101605
1.0780838894289593
1.0497150451866621
1.0648795953163734
1.0592165648937226
1.0641097454354167
1.0517871216723793
1.0652354261914239
1.0582306465406097
1.080180677984442
1.063592200477918
1.0671082283219984
1.0562952413008764
1.0500567773493326
1.0566156800113506
1.0617747798798576
1.0543106007907126
1.0317585865656536
1.049473098191348
1.0574887223627376
1.054001545083934
1.047570854948278
1.0563190167600458
1.0511243119835854
1.05422466922374
1.0645455700248034
1.0612275884701656
1.0622836609681447
1.0692333503374978
1.0694988257480118
1.0524806273835046
1.0670370683950536
1.058623484100204
1.0583557774280679
1.062682867050171
1.0574773240089417
1.0543913569139398
1.0539914535694435
1.059983268380165
1.0574629653583874
1.0429640968640645
1.0431614891957428
1.0537993493726698
1.0599112594631357
1.041434074441592
1.0643297687905733
1.0549021352421153
1.0636973707181103
1.0448129483882118
1.0587425820926237
1.0461950413386027
1.0527666000138343
1.0441448122262955
1.0501945915975068
1.0587873930361733
1.0621167639611473
1.060922920703888
1.0615525336369225
1.0537016826962669
1.057119602888403
1.0517485536320108
1.0565361694975213
1.0577839397993245
1.0608885049819947
1.0497018843889236
1.0554678727598752
1.0624254900112486
1.0523184090852737
1.0502856656124717
1.0443251870446286
1.0485258530825377
1.0525252447499858
1.0538546122037447
1.0605194449424744
1.0542712155977885
1.0516803307192666
1.0474770345858164
1.0551345626513162
1.0543124553275436
1.0556599654135157
1.0582043154915768
1.0608567460378011
1.0521500051476573
1.0528310774825513
1.0539223795845396
1.0467765445404864
1.0579639122050295
1.0559546339745616
1.0449402604784284
1.0576558913670333
1.0590010531743368
1.0574025294997476
1.0539663749582626
1.0514535348523746
1.0573294038573902
1.0530755413430077
1.0715988864332944
1.04715425751426
1.0594941120723198
1.0593456381133624
1.0488719457387925
1.0435392141342164
1.0554260092122214
1.0380208500333734
1.0502960440041362
1.0629968313794387
1.048203676625302
1.0577681678182937
1.051717252012283
1.0507508444063591
1.0397205963134766
1.0551915236494758
1.0470072568758675
1.0461818037124782
1.056559028228124
1.0647466430416355
1.0477682403896167
1.0365132185919532
1.047248504559199
1.0510945443123105
1.048248191090191
1.0451927993395558
1.0564373135566711
1.0469996420045693
1.05511155298778
1.0483992874622345
1.0459585388501484
1.0560066028486323
1.0407618698866472
1.0410670151835995
1.046820964386214
1.0338900278661853
1.049353004693985
1.0504261614328407
1.0557791401942571
1.0417218446731566
1.0444149677067587
1.052763383562972
1.0409354861468485
1.0663245916366577
1.0417738291952345
1.0459307368519237
1.042476923109215
1.0489198127424861
1.0405212954894916
1.0547504350543022
1.047420771225639
1.0514351763786414
1.0401794424423805
1.0488126236014068
1.049665486055707
1.0476400462063875
1.0431554940613834
1.049577276294048
1.0389982151591088
1.0612434723291053
1.0371667379918306
1.040644118109265
1.039195366203785
1.0452499028581839
1.044888604570318
1.0434100192326765
1.0496309646615036
1.0493198252738791
1.054517024947751
1.0432494120938438
1.0486334043520469
1.0476389481075878
1.0425682022021368
1.055668436741644
1.0498257279396057
1.0485150831848828
1.0337218597250164
1.0410891017980046
1.0492808644588176
1.0404731640309999
1.059258652726809
1.0429473986812667
1.047665639170285
1.0443868800602127
1.0509417859875425
1.0477239278646615
1.0483632959970615
1.0506901256108687
1.0452376865979396
1.0420994476268166
1.0441884839976276
1.0455677725266719
1.0422204586175772
1.0527000166475773
1.048236924705776
1.0454522046972723
1.0594711652823856
1.0427767167220245
1.054069208247321
1.046739110102256
1.0448174304790325
1.04342527114428
1.05561118511329
1.0477551390295443
1.0408694841822639
1.0662788296899488
1.0416467849052313
1.0479439486717355
1.0442790920084173
1.0525487154088122
1.0487936214468945
1.0471980965906573
1.0425709287325542
1.043418383023825
1.036922852198283
1.0545709256141904
1.0432468324899673
1.0469888647397358
1.0338538105671222
1.0481360824778676
1.056137628958259
1.0474285365719544
1.0481614499989123
1.0439584861541618
1.0501506366426983
1.0477223364082542
1.0560143385082483
1.0432512889737668
1.0432840883731842
1.0337112988744463
1.045402609562689
1.0407918814955086
1.055949950721902
1.0335807800292969
1.0391220432339292
1.0378137918619008
1.0366985644612994
1.0432763949036599
1.0516470289621196
1.0452686133263986
1.0417353535691898
1.0480267930030822
1.038130332284899
1.036022406172108
1.049754534448896
1.0348108962730125
1.0319356806036355
1.0412843880199252
1.0307286727575609
1.0411093738717092
1.0498984474688768
1.0324925175353663
1.0343850700252026
1.054173395037651
1.048973580481301
1.0449213215282984
1.049690598533267
1.040292001539661
1.0429186942213673
1.0413707474003668
1.051314286116896
1.0476374577831578
1.0382487472281399
1.043183361039017
1.0525585182926112
1.0369114416994547
1.051161623870333
1.0386700743720645
1.0517194086107715
1.0486667283618722
1.032895141839981
1.0411748978453623
1.042595088481903
1.0328420129689304
1.0347805654301363
1.0392417195050612
1.0427847924779674
1.0418126368895173
1.0360196413415852
1.0438157779271486
1.039936593600682
1.051848913077265
1.0399619597527716
1.0341108603910967
1.0582417868077756
1.0570614179596305
1.0448768072658114
1.0428579284085169
1.045581415809434
1.0492333444123416
1.0443507500841647
1.0498543821848356
1.0455374841888745
1.0560317671660222
1.0592361054723225
1.0516645247116685
1.0335592159858116
1.0379995302720504
1.0331346108363224
1.0411223975228674
1.0552541818469763
1.0498190859953562
1.0498579787829565
1.038042884952617
1.0417711948448758
1.0422729181352062
1.032265980092306
1.0329887115955352
1.050718772225082
1.0483455012242
1.0461768445793105
1.0299148548532415
1.0330554166355648
1.0297219488355849
1.0516484530766805
1.040538497814318
1.0369668867355002
1.0434077302614848
1.056218281172324
1.0387879453721593
1.0365441080295679
1.0347757580188603
1.043650689962748
1.0346471017057246
1.033050948590563
1.0439142352058774
1.039398847023646
1.0418544028486525
1.0364553812073498
1.0392335660486336
1.0277062916755677
1.049934045308166
1.0352995161499297
1.04873158735565
1.0308838975563477
1.0330470722229754
1.0278493225574494
1.03511087040403
1.0360592925359333
1.0360384816708772
1.034710348756225
1.0337743956521648
1.0339673627645543
1.0518548438104534
1.0411617982387542
1.0378160490876152
1.03640632216747
1.0371191568672657
1.0354780789281501
1.0364869775443242
1.0330733306705953
1.037465581574391
1.0367806866520741
1.033064357372893
1.0318656054515283
1.0381068613991808
1.0392222832626021
1.0371493294205465
1.0397518617766244
1.0322691676980358
1.035125265991877
1.0321711933612823
1.035989297674848
1.0232116024372941
1.0355249948122285
1.0305768744069703
1.0270752099955953
1.0356055522451595
1.0204473677135648
1.038985468638249
1.031244571838114
1.0336311450371376
1.0314340713349255
1.0445244713705413
1.0298154950141907
1.0339177801058843
1.0445438872684132
1.0263763481462505
1.033393070645576
1.0448032867908479
1.0196489973501726
1.0442616506056352
1.0312130934610142
1.0379256920994453
1.0266864577384844
1.0321221794400897
1.0346839773554761
1.0251505080858867
1.0391585298122898
1.0352711060467887
1.0290466559429963
1.0270655172211782
1.0254946947097778
1.0367209672927857
1.0356371482622992
1.02983500921365
1.0257477441004343
1.0370863443467675
1.0357060320675373
1.0361168650966701
1.0398387908935547
1.03351072989293
1.03822875389686
1.0447249834354106
1.0303723549624102
1.0342636498404139
1.0346011565877247
1.0333299215497642
1.0344870811416988
1.0450902609154582
1.0388857637132918
1.0368354045427763
1.0397101279715417
1.035642217506062
1.0421926467805296
1.0381123161577916
1.0450398513564356
1.0227171637244143
1.0392911480739713
1.03259992031824
1.031321493680017
1.0374525868230395
1.0262678662935893
1.027652949583335
1.0336567307963516
1.0285912373581447
1.034491381278405
1.022638816325391
1.027964677948218
1.030355722320323
1.0371336630649037
1.0307472121147883
1.0379561988207011
1.0241347200730269
1.0279199190628834
1.0246343117649273
1.0196203044903132
1.027515556341336
1.02425559929439
1.0319739485132522
1.0398790973424912
1.028334051097205
1.0245354431016105
1.028907721383231
1.0297288758712901
1.0268978906232258
1.029722660779953
1.0248102083498118
1.0274284457423024
1.0296028757095337
1.0355740099394022
1.0383502571087964
1.0290361353845308
1.0149358025303594
1.0469691136427093
1.035965246903269
1.0340104953447977
1.0217404906847039
1.033505114092343
1.0326094829610415
1.0239376808112521
1.0241760662046528
1.026271208910875
1.0307422341971562
1.0291061022064902
1.0251514899610268
1.0191497564315797
1.0364738954947545
1.0330931612423488
1.0389573351811554
1.031922110155517
1.0262804090240856
1.0292291418253947
1.0266811595124714
1.0209893829056196
1.0287047863846095
1.03946446335834
1.0370460180349128
1.042481493754465
1.0246301596126859
1.0241549981362892
1.044499713826824
1.0399857030974493
1.0236535982081765
1.0350392328368292
1.0369288722674053
1.035174872301802
1.0382660925388336
1.0336829627815045
1.0243807982092035
1.0214475372741962
1.033558406829834
1.0281929189667982
1.0362204199328142
1.0301691383531648
1.0278574288755222
1.0267724839897898
1.0291736452810225
1.0224274084681557
1.0363256355463448
1.0408169246382184
1.0327922734347257
1.0394395589828491
1.037881387770176
1.0287547790341907
1.0424268505942653
1.0461029384066076
1.0341352758736446
1.0381446267241863
1.0311957363222466
1.0460922663862056
1.0399833693020586
1.0296727505283079
1.0231455867407753
1.0406486403708364
1.0354232215881347
1.0298752994604514
1.0375150724461204
1.0360779904800912
1.0336204031680494
1.0301453898782316
1.01858528126841
1.0318651442174558
1.0269389387036933
1.0323538246092858
1.0196213663793077
1.0320684232123911
1.0325313697055893
1.0313974097371101
1.0352069398229435
1.036558101022685
1.0250973665353023
1.0215851567008278
1.0389813444831155
1.032407962296107
1.0225356169368909
1.0264647163842853
1.030618233340127
1.0285590074279092
1.0328227375683032
1.0163220446556807
1.0171416258370434
1.0198630185450537
1.029217313854925
1.0183617705479264
1.01577418638488
1.0240265481055728
1.02746962834807
1.0262413577861096
1.0250018922487896
1.02278641305986
1.024159572626415
1.0325460919312068
1.0239092632343894
1.0195245742797852
1.023879251348863
1.025212010410097
1.0218531662767583
1.024855751740305
1.0214985480495529
1.0343737949927647
1.019034861472615
1.0308929565880034
1.0240327203975004
1.0244704686420065
1.014877004119066
1.028776346572808
1.0269794170285615
1.0216073696042451
1.0188942654379483
1.0250919742716684
1.0257311277831627
1.0188948181496948
1.0128393682566557
1.0235687695881899
1.0263600894960307
1.0130393371499817
1.0144980224066003
1.0072620046340812
1.0100070298581882
1.007727409823466
1.0197324788931645
1.029828439950943
1.0215401298379245
1.0199993979640123
1.0253865718841553
1.021501312221306
1.0161753900845845
1.0190452212045173
1.0254435863411218
1.0238276032301097
1.016515848537286
1.0188900128654812
1.021781514916155
1.023524605234464
1.0259934415419896
1.0155223949750265
1.0169918767544401
1.0189174348360872
1.0220704536352838
1.0205875138441722
1.014248481818608
1.028409737651631
1.023695204187842
1.016073493493928
1.030718309538705
1.0077335844605655
1.019775747820951
1.0205646550401728
1.0256300440317467
1.0282980573588405
1.0195852673572043
1.023892210155237
1.0148770020854088
1.015191060078295
1.006717487436826
1.0201263145396584
1.014557764042903
1.0167648217894814
1.0223163323743003
1.0109073865413665
1.0262245043250156
1.01839532350239
1.022426403430571
1.0181872987747191
1.026113748550415
1.026927000284195
1.0152027446490068
1.017352273421628
1.0170782631443394
1.0156647613806318
1.0185446004867553
1.0178835675829934
1.0158509151977406
1.0277706838172416
1.0224623819192251
1.0236800998449325
1.0138439096902545
1.013703671552367
1.0189477801322937
1.0184239173928897
1.0197470380413918
1.0168102468763078
1.0107552985676
1.0226284211332148
1.0189269854472234
1.0211713975423002
1.0193259527808742
1.024810204844503
1.0201614777888022
1.0176884121186025
1.0262779458876579
1.0205238710588485
1.0212442315206296
1.0225355172157287
1.0108119465608512
1.0233620141373305
1.0241697110155576
1.02298304438591
1.0146058554712094
1.0175422697651142
1.0224486779765922
1.0201707973814846
1.0230258595748025
1.0273090119947468
1.0221294551700741
1.0241390446136738
1.0279973754807123
1.0237060272805045
1.026471943624558
1.029140900051783
1.0201151547953486
1.024917080769172
1.014524785371927
1.0134763255201538
1.0226890397699255
1.0162749314072108
1.0191378675658127
1.0350291677590073
1.0194906140421773
1.0142353922128677
1.0263578577621564
1.0182792023873666
1.020168025342245
1.0230779142843351
1.0182545318895457
1.017190441914967
1.017243316968282
1.0208502178098642
1.0282312463258059
1.0163977232671553
1.0229349604135827
1.0212133129437764
1.0120997959620333
1.0193600900032942
1.024649315316912
1.0198335823805436
1.0186325133892529
1.0238979748066734
1.0284022992307489
1.0216854994113629
1.0239977093486043
1.0179057566212937
1.0207107228653454
1.0113177527399624
1.0262915629148484
1.023946624994278
1.0221715033054353
1.0265929690047877
1.0181308273346192
1.0237851959091049
1.0338095690195377
1.023892052711979
1.029915602434249
1.0245513686111996
1.0180625396889527
1.026451200246811
1.0285280409612154
1.0276952114286302
1.0258058831095695
1.0276369044655247
1.0196139422200976
1.028820838169618
1.029941975264936
1.0295395796115583
1.0365480666651445
1.0286854551388667
1.0261942650142468
1.0259243624825631
1.0320488859054655
1.0317998282493106
1.0247029529677496
1.0320238012876084
1.0236133880355731
1.0212878247965937
1.020352906302402
1.0256955645301125
1.0232349907358487
1.0269194666681618
1.023616187274456
1.0302648945496633
1.023979735871156
1.0220523357391358
1.0290122581463235
1.0271287984767203
1.0347208199293718
1.0288931169207134
1.0296817733482881
1.0310540175905414
1.030595667545612
1.0253951437160618
1.0285302875815212
1.0283922870108422
1.0246739235974975
1.0262987688183784
1.0188284767301459
1.0329736842625383
1.0288681364976442
1.0322277874518664
1.037815391222636
1.0352549622585248
1.025935177145333
1.0407920349389315
1.0319998636841774
1.038568245737176
1.026858655390916
1.03652395095144
1.044240160023465
1.0244474803146564
1.0292034548356992
1.0314037369900062
1.0219591945972082
1.034733629652432
1.0222640766037836
1.0256434794929292
1.016304272161403
1.0288975199927455
1.0303924512863158
1.0301593171225654
1.028483846416212
1.0259512272374383
1.0203834198988402
1.0234486516316732
1.0333656424381694
1.0181343578375304
1.029809982348711
1.0289317029493827
1.0198861709180869
1.0202960290160834
1.0363787594488112
1.0247018979862332
1.0287409403867889
1.0279638016223906
1.025912876191892
1.030604960145177
1.0235912251472472
1.021742962655567
1.0309775341458682
1.027974325631346
1.0246589059260354
1.0245675916102395
1.0249565485559526
1.0276299255589645
1.0174756389525201
1.0272685385176115
1.0158521294593812
1.031887936419335
1.0307324039936065
1.0336818951182067
1.0243905702633644
1.0304312333464622
1.0284408660871642
1.042913300340826
1.0281500149129041
1.0343445652113186
1.0277705083290736
1.0329611339266338
1.0283329042036142
1.027717194773934
1.034524985722133
1.0279818307055104
1.0330238007662589
1.0394577227140729
1.0244061636253141
1.0301131173487632
1.0309680563372534
1.0312328274760927
1.0294092287782763
1.0196380990166818
1.028512674318233
1.0328554641455412
1.0375027272436355
1.0236913561820984
1.0308586572701077
1.026703539348784
1.0181004774570466
1.0242318242788315
1.0276337119570949
1.030560349370097
1.031964030049064
1.014633756192004
1.0333347233330332
1.0223905854754978
1.021791846855827
1.0234613882170782
1.0299866879979769
1.0345646566466282
1.0272697503604586
1.031532839871943
1.0338516066203247
1.0209664787564958
1.033557265996933
1.0290650581955014
1.0338921546936035
1.0256294214979131
1.0217092351913453
1.0255886351778394
1.0356753248057953
1.0310045030173354
1.022363238144612
1.019223529784406
1.0172042697668076
1.021511421962218
1.030936625114707
1.0202563274651766
1.0258734345436096
1.0347550441237057
1.0341689337895612
1.029139031382168
1.0272421938068461
1.017927208053532
1.0207999929533167
1.0272295336792434
1.0291084946655646
1.020767404482915
1.02366212312726
1.0237578385967319
1.0310066230595112
1.0384099898593766
1.0207256067682196
1.0317931166200927
1.024957104275624
1.0348789513111114
1.032415553635242
1.0210421142669825
1.0218451587777388
1.02770900829085
1.0309218987822533
1.0280315641200903
1.0282927962338053
1.0281239795306372
1.0281366150257951
1.0351925158500672
1.02294668306907
1.0232265206674735
1.0170328668040087
1.0255293280913913
1.0227981717199892
1.030829248757198
1.020017586342276
1.0307872968912124
1.0343836420018908
1.0226066977747026
1.0188430398702621
1.028980550284569
1.0180208069175036
1.0283078717834808
1.021778398193419
1.0269412480148614
1.021656616457871
1.0200686046370753
1.0145064375617288
1.0267099782602112
1.0255724440921437
1.0206628931711799
1.0218561833555049
1.023657813304808
1.0268182173007872
1.0233163900589675
1.0243939396106836
1.0174333062847103
1.0132370682863088
1.0065139615535736
1.0210879266262054
1.0261352174811893
1.028589998540424
1.0259489371226385
1.0253651760801483
1.024925855298837
1.0272831455716547
1.0172045557004101
1.0255167146227253
1.0224179746583104
1.0241054288752667
1.0170941985014714
1.0187804170630195
1.0230143986722475
1.0254621212599708
1.0214809922524442
1.0255517865482129
1.0151681615756107
1.022466298133608
1.0231959117601996
1.0222218468569326
1.0174499513610962
1.0209736796942623
1.032179379214843
1.0215228420414337
1.0280974002111525
1.0265199976662795
1.026277358531952
1.030660690886251
1.0257948577941
1.0249589644945585
1.0318379321613826
1.026928955163711
1.0192211194643899
1.0234472777214518
1.0230859816074371
1.0270861274883396
1.0282740452223353
1.0199820554774741
1.0193110468946858
1.0169629472674746
1.0205030840985916
1.0176641797717614
1.0244793527161897
1.0268603128100198
1.0264734442417438
1.0069392417606555
1.0122727811336518
1.0172706151008606
1.0235777710165297
1.0268543416194702
1.0163978640037248
1.0221992705730683
1.018924171725909
1.0221800047253806
1.0281996746532251
1.0333097168692835
1.028556621887467
1.022930991167974
1.019802763348534
1.026409459228699
1.0217053641134233
1.0205141116702368
1.0362539957551395
1.0295351020991803
1.024491902589798
1.0205084820316261
1.0274964126188364
1.0234250184651967
1.01540966351827
1.0142275110880534
1.0181182771921158
1.0181030631065369
1.0269053845570004
1.0317302020696493
1.0222340783765238
1.0211485130292874
1.0242214059471189
1.022652617955612
1.0273091395696003
1.0243588213093024
1.0238118978535258
1.024673874440946
1.0258941458117576
1.024503935847366
1.021663106648268
1.014530049516009
1.0132112177935513
1.0129182361206919
1.0142342910684388
1.0224035318861617
1.0267026805877686
1.0184961899563119
1.019665532168888
1.026491501573789
1.020157163260413
1.0263650436555185
1.0192341188915441
1.0153608918190002
1.024519005275908
1.026701608749285
1.0232412521956398
1.0274494809489096
1.0222396090112884
1.0194557362263745
1.0199348588784536
1.0242883630013198
1.029631325176784
1.0171107507087815
1.022618653682562
1.023366219997406
1.0211675392953974
1.0268412785870689
1.0195850537669273
1.0247356983877363
1.018797060576352
1.0276493837958889
1.0190492411111962
1.014351337728366
1.0167720581476505
1.0229618626755554
1.028150316476822
1.0196739836614959
1.0254185451724664
1.0268679539733958
1.0235927666609104
1.0186123902644586
1.0201742122138755
1.017817093954458
1.025065424350592
1.0181105468008254
1.015386832987561
1.0146556119708454
1.0311021439053796
1.0131008904991727
1.0259596326134421
1.0183577239513397
1.0178610341889518
1.020567874439427
1.0254197816054027
1.0144872355919619
1.02224715446171
1.0174876761126828
1.020057889548215
1.018018879418103
1.0330397852005497
1.0187623216555668
1.0199296407296623
1.0106752953439389
1.0123735029403478
1.021712429926429
1.0174219665073214
1.0176252460840978
1.0099858495783298
1.0177996848310744
1.0216577716709412
1.0162278765768518
1.0174179819394957
1.0229696127730357
1.0046211349964143
1.0047807798666113
1.0163612386636567
1.0132486215004555
1.015430280140468
1.0193859489870742
1.0202545589870877
1.0177709679854543
1.0101319815291734
1.0206085006395975
1.023607433535332
1.0188954678582556
1.0076036027499609
1.0184706589207053
1.0169192390782493
1.0139224436921133
1.0167273058610804
1.0214777565919435
1.0121479573315137
1.0135384869219652
1.0175312063587245
1.0125120438062227
1.007790281623602
1.0146509131340131
1.0154317406507638
1.0092559385299682
1.0140261065180056
1.0121463231138281
1.0091919560930622
1.0097568035125732
1.017112347483635
1.0166988593560677
1.0150218539767795
1.0174211662843686
1.0133791874956202
1.0091013283956618
1.0148657336831093
1.0107042594389481
1.0245940514067386
1.0151049140840769
1.0140167520991687
1.0133583456800694
1.0169543587131264
1.0122281322876612
1.030060979953179
1.006781398333036
1.0118627968956442
1.0162522988072757
1.0102371573448181
1.011608764340606
1.0135696166091495
1.0126103668377318
1.020186087040052
1.0074423202928506
1.0181479746645148
1.0115285943139274
1.0107498625914255
1.0002800724277758
1.0135722594601768
1.0102044635040814
1.0083715802914388
1.0130926370620728
1.0119113078365078
1.0125286793986032
1.013129519564765
1.0118423023007133
1.0158967237646988
1.0101410860107058
1.020200948966177
1.0041138856183915
1.0089416680512604
1.0063169100513196
1.0091849542581117
1.0175281588373513
1.0132501207548996
1.0149220134697707
1.0068038537882376
1.0094678407365625
1.005137441195841
1.0279558807049158
1.00866692889597
1.0095911126741222
1.0054128962484272
1.0154627081420686
1.0012678123753647
1.0132972271669478
1.0165149322095908
1.0029438829421997
1.0083141326904297
1.0103026255965233
1.010946943134558
1.0037046214565635
1.008910115921136
1.0110972445944082
1.0004159852310464
1.018763870523687
1.015978234245422
1.0149564588511433
1.017861751715342
1.0142160142079377
1.012409527536849
1.0124663718044757
1.0114355248919988
1.0124096825941284
1.0144448717435202
1.0060400717878994
1.001460508774903
1.0244574484725792
1.0048297937365547
1.0093798879264058
1.0194597840309143
1.012831283243079
1.0153790498152375
1.0160376557633897
1.00348314000111
1.014945039975232
1.0088530764693306
1.0099812372058046
1.0089132738113404
1.0162229516676493
1.0133534226306649
1.0106089564989198
1.0223287231680276
1.0198074488928823
1.0063771038286147
1.0192988077178597
1.0078979478044026
1.0085466157306324
1.007413401661149
1.0114127711245888
1.0155614220044191
1.0196128819562211
1.012528872738282
1.0117110005446843
1.0130789122491513
1.0160594733668045
1.0098434725365082
1.0109723112799904
1.0164180573869923
1.0080350556156852
1.013888418674469
1.0165821341907277
1.0200380321059908
1.008775812096712
1.0093652183009731
1.0185498967766762
1.013508077527656
1.0094926226557346
1.0096514071478988
1.0089860087559548
1.010267733651049
1.0139842561033905
1.01671912569866
1.0038880418086875
1.0187466893647168
1.0131092939306707
1.0094771025932
1.0060379360403333
1.0088969272646038
1.0197694683074952
1.0138605363093889
1.0178848105041605
1.0083745389841916
1.0139183276965293
1.0113431477546693
1.0184297690024742
1.0171620264465426
1.0117718409269283
1.008543685078621
1.0133987541468639
1.0137494290378732
1.011726395360061
1.0022418310370627
1.0067071435881443
1.0115340566635131
1.013069531896658
1.0049773425825181
1.0090797363765656
1.0067172864308724
1.011521980298304
1.0090748253515212
1.0099198345868092
1.0044648051261902
1.0099650662520836
1.013826756215677
1.0028748161172214
1.012406754262239
1.0149878801838044
1.01182254627347
1.0174101675060434
1.010091671655918
1.0108858446280162
0.9992545589071805
1.0073945991108926
1.0089034703042772
1.0137866839118626
1.0001944798689621
1.0111797311089255
1.0119820808711117
1.019806060407843
1.0178756237030029
1.0128932547947718
1.014527545899761
1.0096021793105385
1.0185750126838684
1.011751601620326
1.0067949535553915
1.0230352575318855
1.0131585219549755
1.0149227648365253
1.016236574419083
1.0049868927847954
1.0149005234241486
1.0161070131829806
1.0063367542382833
1.011146221648563
1.0129011282415101
1.0086535777844174
1.0154539660827533
1.002322764860259
1.015552332145827
1.0044340443989588
1.004168017435882
1.0105714816895743
1.0109990440309047
1.0144965525080518
1.0210265757432624
1.0133726588667256
1.0039531441985583
1.010418374623571
1.0050832875396893
1.0098935992289813
1.0115137959455516
1.0108139475478846
1.01292775247408
1.0198794717297834
1.002809516283182
1.0133502918131212
1.0127897982796032
1.015546198595654
1.0115693258860754
1.0072501855984068
1.0131849684412517
1.0082793060938517
1.0043745946884155
1.0143682633837063
1.009293004745195
1.0138509247038099
1.010589437559247
1.0007027918345308
1.0177095311961761
1.0112719317557106
1.0197599495158476
1.011045690625906
1.0102892954175064
1.0195922805712774
1.0157699831600846
1.0097703603473869
0.9996144822088339
1.0031628450715397
1.0046786728658175
1.0000261257092158
1.0121583117954973
1.0054010559642126
1.010300599038601
1.0082855234380628
1.0127449418817247
1.0173558646982366
1.0147275214686113
1.0091652633392647
1.0100365457209675
1.009293483027929
1.0016121427777787
1.012330412864685
1.0053431141761042
1.0112535286757907
1.0073338258597586
1.011133421869839
1.0073796083342355
0.9955425204769257
1.010562813282013
1.0084877620309085
1.0139180421829224
1.0050084723366632
1.0124426505587123
1.0143993384129293
1.0123957306146623
1.0102387230883363
1.0164732561736811
1.0027532097769947
1.0063635952888974
1.0123482594123254
1.0027934995389753
1.0015858506399489
1.0087656290804754
1.0072011921140882
1.009023088758642
1.015153860288953
1.0065545157382363
1.0058780296282335
1.0086141626040142
1.0134675089390046
1.0061828224889693
1.008748993156402
1.0119035134621717
1.00576339332202
1.0114883611451333
1.0111270679367914
1.0085528786065148
1.0058895443167006
1.0172626013849295
1.0076847740366488
1.0131784987449646
1.015287911726369
1.0044717904256315
1.0091246983461213
1.007004411597001
1.0116976233850044
1.0169427530674995
1.0082703128693595
1.003034600049011
1.0140176393899574
1.0030096783870603
1.0039291436021978
1.0202098948260148
1.0077311962337818
1.0112640942846025
1.0138027648771963
1.008677532843181
1.0050142850631323
1.0119154612223307
1.0082729813418811
1.0080148151208614
1.0007387037518658
1.0045857073799256
1.008131443699704
1.0246734130382538
1.0094089657068253
1.0055789879390171
1.0063063258030376
1.0057868606903975
1.0130937844514847
1.0137150004758673
1.007868918505582
1.0212564619494156
1.0091235714930076
1.0026546426509555
1.0049818483265964
1.017819713751475
1.0080146590868633
1.0062284146746
1.0141853448506948
1.0151562330163555
1.0025755981324425
1.00309862218686
1.0099576579199896
1.010880592323485
1.0023947985967
1.0043663753653473
1.0126944988492936
1.0035343170166016
1.0016027862375432
1.0047933558622997
1.0090012762506129
1.0085922559102376
1.0046313959976723
1.010092911310494
1.005841288236108
1.012114029738211
1.0005882166128244
1.0156853820966638
1.0095467818986386
1.0119815769234324
1.0038536868989467
1.0087717478392555
1.010194577600645
1.005842570508464
1.015294312028324
1.0002548681064085
1.0092024038235345
1.0086989378688311
1.0092524050497542
1.0041980709348406
1.0061560145446233
1.0039601210337967
1.0211185954384885
1.009518876671791
1.0091562301948154
1.0114876369395889
1.0078299935549906
1.0011579702640403
1.0057387913976397
1.0098743708628528
1.0048209866906843
1.0050122678279876
1.0106757230925978
1.0106710547492617
1.0124012898590604
1.011225587251235
1.0087405782606866
1.0184383135417412
1.0093108307747614
1.010080311609351
1.0165819289192322
1.01090367604758
1.0160752697424456
1.023579508498095
1.0040497846073575
1.0066312853969746
1.005941876106792
1.007484091245211
1.0060251687848292
1.0210681373582167
1.008223143559468
1.0003725810656472
1.016097495953242
1.0100448360809913
1.0133085655632303
1.0150979335965782
1.0206430276620735
1.0166920507326722
1.0129174888134003
1.0086658161783975
1.0082741408121019
1.0123002713376825
1.0222907423973084
1.0127543246568138
1.004489793186694
1.0236266351171903
1.0229455295837286
1.0137943701005319
1.00945913627607
1.0142424140657698
1.001870939808507
1.0099998359326963
1.0139396140972774
1.015695173521431
1.0089046857794937
1.000717080157736
1.007428783822704
1.0103748708963394
1.009242511109302
1.0082037322602029
1.0103565657138824
1.0135550788783152
1.004909187555313
1.0115000569730772
1.0104396743560904
1.019392932509328
1.0079803248526344
0.9990068557469741
1.007554264487447
1.0087020802048017
1.0084863976998764
1.0212252392218664
1.0067757840814262
1.0108236482268886
1.0072619988207232
1.0065888423438465
1.0066735437422087
1.0106594698470936
1.0096083292062732
1.012051983934934
1.0252740314373603
1.0115389333051794
1.0215096826456032
1.0142368052316748
1.007437270292094
1.0151620305501499
1.0048044809588679
1.0043841041164634
1.0051462147917067
1.0044910271190903
1.005822623077827
1.0015140842823755
1.0049874452145204
1.0125051386654378
1.008887707209978
1.0130167540751005
1.0145840088526408
1.01435520021539
1.0122454700185293
1.0073300262815075
1.0081942289164572
1.021872959353707
1.0048762052512366
1.01242618901389
1.0095346873266655
1.014905983582139
0.9968001735744192
1.0137532794630373
1.0133661795080753
1.010091046685154
1.0136371524366614
1.012971202994502
1.0079679987647316
1.011342758992139
1.0110096087058384
1.0065674298796161
1.0084028956857887
1.0036997408197637
1.004209852218628
1.0124643535717675
1.0083138371507328
1.0113388132630734
1.0054323117957156
1.0120421268045903
1.003329611430734
1.0092966467142106
1.0081096976550656
1.0050723571931162
1.0118390386924148
1.0055426012825321
1.022480286359787
1.0162524348598416
1.0038291689861252
1.0034607969797575
1.0070571416900271
1.0066850719167226
1.0033723297573272
1.0115569909413655
1.0016127031696729
1.012630457839658
1.0035322941455644
1.008053534825643
1.0011672112676833
1.0170206191404811
1.0046864560058526
1.0069203654239918
1.0020307439068954
1.0159915463868963
1.007484355079594
1.0030014207586646
1.0067690193653107
1.0094234441456043
1.0006198930361914
1.0102483703849021
1.0070955002749409
1.0099804610268683
1.002950100766288
1.003940960077139
1.0057547204196453
1.0052266640047873
1.0033754994129311
1.00724502003962
1.0101580092164337
1.005435851689811
1.0047946442728457
1.0065154944147383
1.0106666377362084
1.0001306488658444
1.0029274753161839
0.9985817682284576
1.009623600264727
0.9975305690484888
1.0024767587150352
1.0084577798843384
1.0125474882125856
1.0075103171228423
0.9982844187367347
1.0054178636678508
1.0107253401175789
1.0104925375560234
0.9979095154030379
1.006346687437996
1.002368636547573
1.0039405604967704
1.009693941165661
1.008592390043791
1.0121486491345344
1.0115963062271476
1.002984399858274
1.0076739272676913
1.00603121612221
1.0109075531363487
1.0063987550188283
1.008821293260112
1.0090480572298954
1.002608699294237
1.0097261225735699
1.0102783075550146
1.0052585265328806
1.010463019212087
1.0090309327993638
1.003236338712167
1.0060919721921284
1.0108797003011234
1.0119320256635547
1.0069349591977128
