0.9952787160873413
0.9917111396789551
0.9892194867134094
0.9823206663131714
0.9729692339897156
0.9860813021659851
0.9649615287780762
0.9823998212814331
0.9728665947914124
0.9526050686836243
0.9721530675888062
0.9769024848937988
0.9797695279121399
0.9560163021087646
0.9605177640914917
0.9548549652099609
0.9699221849441528
0.9525458812713623
0.9493967890739441
0.9252351522445679
0.9613857865333557
0.9700546860694885
0.9755212068557739
0.9938163161277771
0.9767188429832458
0.9960850477218628
0.9805806279182434
0.957844614982605
0.9617632627487183
0.9848890900611877
0.974808394908905
0.9975526332855225
0.9878005981445312
1.0931053161621094
0.9886223673820496
1.0300695896148682
1.0549399852752686
1.059004545211792
1.0182244777679443
1.1299617290496826
1.0185519456863403
1.0918656587600708
1.2502541542053223
1.0085170269012451
1.1947400569915771
1.167463779449463
1.0689399242401123
1.2216442823410034
1.2071970701217651
1.3270435333251953
1.3188259601593018
1.2902357578277588
1.3842899799346924
1.331766128540039
1.4419682025909424
1.7141987085342407
1.718306541442871
1.4400488138198853
1.4884581565856934
1.514772653579712
1.6635533571243286
1.3926125764846802
1.696549892425537
1.6867234706878662
2.025001287460327
1.9511921405792236
1.945914387702942
2.083758592605591
2.3134102821350098
2.037454843521118
2.018955707550049
2.1364684104919434
2.7973034381866455
2.2772367000579834
2.9418857097625732
3.054582118988037
3.2137856483459473
3.2348287105560303
3.2599685192108154
3.2646682262420654
3.422903299331665
3.0262832641601562
2.9378726482391357
3.6980836391448975
3.694973945617676
3.270911931991577
3.6622228622436523
3.443549156188965
4.014299392700195
4.2315802574157715
4.251587390899658
4.350508213043213
4.5020599365234375
3.6825625896453857
3.6420211791992188
4.574410438537598
4.56510591506958
4.207897186279297
4.6520209312438965
4.629734992980957
4.901229381561279
4.91483211517334
4.9580078125
4.8739705085754395
4.892103672027588
4.321207523345947
4.802299976348877
3.98795485496521
5.149751663208008
4.386996746063232
4.411398410797119
4.3073577880859375
5.2373175621032715
5.246865749359131
5.197776794433594
5.24971342086792
5.093693256378174
5.18850040435791
5.1301679611206055
5.202633380889893
5.2033843994140625
5.1260504722595215
5.239858150482178
5.1590447425842285
2.90035343170166
4.193777561187744
5.013971328735352
4.987110614776611
4.208023548126221
5.079126358032227
5.005528926849365
4.2561235427856445
4.947629928588867
4.9147629737854
4.81045389175415
4.750729084014893
4.725265979766846
4.7248406410217285
4.634730339050293
4.704965591430664
4.576446056365967
4.466747760772705
4.401702404022217
4.387199401855469
3.6982662677764893
4.317176818847656
4.312331199645996
4.1610941886901855
4.217128753662109
4.061216354370117
4.0170769691467285
4.065924167633057
3.967087745666504
3.809326171875
3.917323589324951
3.3792617321014404
3.730085849761963
3.7475924491882324
3.54130220413208
3.5433521270751953
3.7568111419677734
3.4851577281951904
3.35923171043396
3.598904609680176
2.8348817825317383
3.467452049255371
2.8754513263702393
3.091597318649292
2.6391568183898926
3.0935139656066895
3.263674259185791
2.762873411178589
3.281538963317871
2.789050817489624
3.2017340660095215
2.6452155113220215
2.613595724105835
2.5827414989471436
2.6916778087615967
2.662121534347534
2.592311382293701
2.2344582080841064
2.479004383087158
2.5218708515167236
2.216465473175049
2.4255266189575195
2.3385860919952393
2.35771107673645
1.9958454370498657
2.0005204677581787
1.9611536264419556
2.0064990520477295
1.8903385400772095
1.8947371244430542
1.8693405389785767
2.2467660903930664
1.9292645454406738
1.6458141803741455
1.4568051099777222
1.4564772844314575
1.6201683282852173
1.5152194499969482
1.5796443223953247
1.492383599281311
1.85759699344635
1.5824388265609741
1.4906243085861206
1.3955695629119873
2.0269410610198975
1.1771732568740845
1.7659534215927124
1.1860709190368652
1.2755645513534546
1.1635653972625732
1.455330729484558
1.313755750656128
1.7944567203521729
1.0801630020141602
1.2969306707382202
0.9707935452461243
1.2839500904083252
0.9054886102676392
1.5429437160491943
1.0755888223648071
0.9836650490760803
0.74847412109375
0.7383498549461365
0.9294350743293762
0.6273967027664185
0.6529341340065002
0.9429150819778442
1.224013328552246
0.7413643598556519
0.6563135981559753
0.6871106028556824
0.5296674370765686
0.561350405216217
0.34158870577812195
0.3997556269168854
0.4728810489177704
0.4274773597717285
0.27368396520614624
0.6853894591331482
0.6783626079559326
0.6699062585830688
0.19819124042987823
0.20264367759227753
0.2770172655582428
0.5710973143577576
0.18412195146083832
0.17610906064510345
0.15099747478961945
0.5394832491874695
0.26318874955177307
0.24759125709533691
0.12417493015527725
0.17523905634880066
0.09942209720611572
0.13041603565216064
0.48049992322921753
0.16288118064403534
0.1974116414785385
0.08625159412622452
0.24055305123329163
0.08180704712867737
0.24009989202022552
0.357878714799881
0.07405280321836472
0.07098168879747391
0.256709486246109
0.3685492277145386
0.0681871548295021
0.30079472064971924
0.07756569236516953
0.05905037000775337
0.37801724672317505
0.43180617690086365
0.06034364178776741
0.06002839282155037
0.35394251346588135
0.08943716436624527
0.4094557762145996
0.06142248585820198
0.075322724878788
0.042601048946380615
0.05774712190032005
0.12681475281715393
0.06019572541117668
0.05244136601686478
0.0450529046356678
0.2959437668323517
0.04946613684296608
0.6746065020561218
0.22210422158241272
0.048199642449617386
0.04747511446475983
0.057919926941394806
0.04832714796066284
0.06525878608226776
0.045751769095659256
0.2890898287296295
0.051593463867902756
0.06656160205602646
0.0515972301363945
0.0897999182343483
0.053843989968299866
0.07759176194667816
0.060640864074230194
0.3157546818256378
0.35593757033348083
0.05564447119832039
0.05308329313993454
0.3783521354198456
0.16220234334468842
0.25597620010375977
0.3780970275402069
0.35042956471443176
0.04747913405299187
0.07215791195631027
0.15447111427783966
0.08001692593097687
0.047758009284734726
0.046495042741298676
0.6558842658996582
0.35356390476226807
0.08126794546842575
0.4479157626628876
0.2779260575771332
1.6223989725112915
0.3425808548927307
0.3571736216545105
0.04642297327518463
0.06030680611729622
0.3279811441898346
0.7341870665550232
0.31129851937294006
0.6233688592910767
0.8432915806770325
0.04988600313663483
1.0099012851715088
0.8868894577026367
0.5915253758430481
0.8385220170021057
1.2790570259094238
2.1421051025390625
1.6196348667144775
1.776044249534607
1.0969984531402588
2.315807342529297
0.43801435828208923
7.3368024826049805
1.7229963541030884
9.74085521697998
4.4645915031433105
5.446302890777588
9.145995140075684
11.976109504699707
5.119021892547607
12.061787605285645
5.946021556854248
12.552711486816406
14.725276947021484
14.352352142333984
12.4763765335083
16.179061889648438
13.669870376586914
18.4821834564209
19.560998916625977
16.494834899902344
15.359984397888184
15.077178001403809
15.66808032989502
13.855159759521484
18.193891525268555
16.308923721313477
14.984210014343262
14.931757926940918
11.326326370239258
12.258418083190918
6.087017059326172
9.889613151550293
10.260322570800781
8.753572463989258
7.949951171875
9.088265419006348
7.093660831451416
6.815787315368652
6.100563049316406
4.936598777770996
3.76497745513916
3.978283643722534
3.5685482025146484
4.619808197021484
2.2477426528930664
2.999957323074341
2.480644941329956
2.328587532043457
1.65273118019104
1.450189232826233
1.6412583589553833
6.5630106925964355
0.9386343359947205
1.0681917667388916
0.9332411289215088
0.5941818356513977
1.259001612663269
0.5760650038719177
0.9477473497390747
0.19660936295986176
0.8179178833961487
0.26682984828948975
0.43702712655067444
0.48124852776527405
0.12051907181739807
0.11750028282403946
0.013236269354820251
0.054260581731796265
0.03608746826648712
0.02624659612774849
0.027722278609871864
0.1400110423564911
0.34753650426864624
0.040678009390830994
0.04874110966920853
0.16866855323314667
0.16897283494472504
0.7740445137023926
0.21015779674053192
0.06525540351867676
0.06605100631713867
0.08732994645833969
0.2262718230485916
0.5340223908424377
0.07597485929727554
0.706309974193573
0.5264347195625305
0.08453317731618881
0.08987756073474884
0.08313776552677155
0.10005547106266022
0.3902990221977234
0.22345590591430664
0.43463802337646484
0.426894873380661
0.5384979248046875
0.5203868746757507
0.4681297838687897
0.6362927556037903
0.21566307544708252
0.18579277396202087
0.633425235748291
0.2039153277873993
0.3423578441143036
0.10964638739824295
0.3245522379875183
0.27010461688041687
0.6287696957588196
0.05253709852695465
0.21066176891326904
0.6505159139633179
0.16001680493354797
0.07301869243383408
0.13754861056804657
0.1262395977973938
0.24923186004161835
0.0579514279961586
0.4027952253818512
0.29030510783195496
0.2863227128982544
0.6968433856964111
0.42530468106269836
0.6195876002311707
0.5222122669219971
0.0322282500565052
0.8949094414710999
0.030717242509126663
0.13713693618774414
0.039380259811878204
0.03303862363100052
0.02841494046151638
0.38910478353500366
0.31519877910614014
0.06954974681138992
0.2953071594238281
0.6996152400970459
0.030658185482025146
0.7726956605911255
0.45324015617370605
0.45663341879844666
0.04151646047830582
0.10566018521785736
0.11083094030618668
0.5231600403785706
0.03899526596069336
0.4685162901878357
0.33471885323524475
0.896007239818573
0.9353845119476318
0.1257413774728775
0.04985985904932022
0.05096111446619034
0.5985848307609558
3.816654682159424
0.4661306142807007
0.4622354507446289
0.7145099639892578
1.11258864402771
0.48131340742111206
0.054583556950092316
1.2113853693008423
0.8824018239974976
0.46388670802116394
0.15133298933506012
1.5855790376663208
1.3307750225067139
1.2836381196975708
5.328438758850098
1.9096664190292358
1.3786910772323608
3.4476072788238525
5.848069190979004
1.2573496103286743
1.4852296113967896
4.479720592498779
1.56915283203125
1.6131536960601807
0.6457151174545288
1.459475040435791
8.260845184326172
1.5485097169876099
0.8699318766593933
1.1833205223083496
9.99677848815918
3.28269100189209
5.954553604125977
3.4448862075805664
4.962832450866699
6.660284042358398
4.417229175567627
10.070591926574707
6.804342269897461
4.127991199493408
6.080509185791016
9.318672180175781
10.383705139160156
8.753643035888672
8.816596031188965
6.935821533203125
3.0119998455047607
12.293693542480469
7.416815280914307
13.746735572814941
10.14833927154541
10.710576057434082
6.821598052978516
8.58664608001709
7.593178749084473
7.136558532714844
8.009516716003418
5.37608528137207
3.402054786682129
5.505862236022949
2.7538883686065674
6.502291202545166
3.913278818130493
4.987786293029785
3.132658004760742
6.889662742614746
3.7097795009613037
9.86473560333252
5.280067443847656
5.2829976081848145
5.035961627960205
4.249174118041992
5.344290733337402
5.236039638519287
5.803649425506592
3.7611443996429443
3.5163936614990234
4.269350051879883
4.0739898681640625
2.4921646118164062
2.941396713256836
3.5181162357330322
4.300597190856934
3.3797450065612793
3.0844266414642334
2.157322645187378
3.7015082836151123
2.773953437805176
1.7216591835021973
1.8580574989318848
3.7518646717071533
4.069973468780518
4.238744258880615
5.078874111175537
5.119153022766113
4.466584205627441
5.4601545333862305
3.005432367324829
3.839181661605835
3.414365530014038
5.074304103851318
5.266887664794922
3.0399210453033447
5.012598991394043
3.5701401233673096
5.214071750640869
3.030194044113159
2.5094034671783447
3.7153453826904297
2.9480655193328857
7.247318744659424
3.087409257888794
6.849280834197998
8.368019104003906
9.381150245666504
7.353205680847168
3.5637314319610596
3.968594789505005
6.05655574798584
4.7998785972595215
4.2092719078063965
2.7985782623291016
6.743017673492432
10.253003120422363
3.643388271331787
4.198662757873535
8.238235473632812
3.2511160373687744
16.408260345458984
11.083279609680176
5.495216369628906
11.306159019470215
7.162972450256348
5.2009758949279785
8.940102577209473
3.887669563293457
6.447936058044434
7.118191242218018
2.9755005836486816
17.23278045654297
3.91129469871521
6.559664726257324
5.250185012817383
3.411316156387329
12.333572387695312
8.197556495666504
5.309959888458252
25.0096492767334
11.023191452026367
17.355825424194336
4.67794942855835
8.46573543548584
6.6680908203125
7.051501274108887
8.782912254333496
18.864768981933594
10.458450317382812
19.65191078186035
9.620041847229004
12.536970138549805
7.019134521484375
11.400958061218262
5.727087020874023
6.183780193328857
7.942697525024414
7.057594299316406
10.268921852111816
9.534015655517578
12.824132919311523
6.720273494720459
11.228901863098145
9.138113021850586
9.288277626037598
5.318582057952881
8.33881664276123
9.384251594543457
5.442556381225586
7.908392906188965
17.63899803161621
7.438225269317627
8.347891807556152
5.832871437072754
14.460749626159668
9.756153106689453
8.357095718383789
12.294970512390137
6.2371907234191895
7.33358097076416
5.034739017486572
9.84134578704834
8.128347396850586
7.414777755737305
17.532367706298828
10.44015884399414
14.595170974731445
11.104581832885742
5.07619571685791
9.635595321655273
8.475761413574219
10.616020202636719
14.991130828857422
13.314019203186035
12.207679748535156
8.567390441894531
20.50914192199707
17.84786033630371
19.81093978881836
11.187149047851562
7.149851322174072
18.546585083007812
6.431869029998779
14.654105186462402
8.366974830627441
13.293649673461914
13.29410171508789
18.269107818603516
15.142837524414062
10.603610038757324
13.668581008911133
11.370862007141113
5.1833038330078125
8.70981502532959
15.537205696105957
11.86902904510498
12.934715270996094
10.595730781555176
9.644649505615234
10.078600883483887
14.573159217834473
12.885478973388672
13.87505054473877
10.72843074798584
6.260194301605225
15.140329360961914
13.987639427185059
6.151837348937988
8.34201717376709
7.6876139640808105
9.030184745788574
10.156704902648926
10.815754890441895
19.748144149780273
26.475492477416992
12.416369438171387
11.107529640197754
8.942194938659668
20.47748565673828
14.842052459716797
8.90750789642334
11.143508911132812
3.8269031047821045
11.164944648742676
4.991884708404541
14.410846710205078
10.2015962600708
15.08016300201416
6.240222930908203
21.27275276184082
12.069147109985352
7.553740978240967
5.3290815353393555
7.255614280700684
23.190589904785156
10.187687873840332
12.217669486999512
17.69426918029785
10.773950576782227
5.3317155838012695
7.577429294586182
13.039264678955078
26.705087661743164
12.057125091552734
15.702404022216797
19.805849075317383
20.997522354125977
7.319724082946777
10.518754959106445
29.160417556762695
17.11800765991211
4.521604537963867
15.097193717956543
15.799199104309082
9.199541091918945
14.856221199035645
16.90342903137207
18.339237213134766
9.73173713684082
18.63062858581543
13.797398567199707
17.556640625
16.418947219848633
14.097289085388184
8.4593505859375
21.7709903717041
15.394813537597656
11.769271850585938
4.784700393676758
27.27104377746582
7.520577430725098
5.349828243255615
22.659276962280273
15.789795875549316
10.200571060180664
18.324153900146484
11.010343551635742
12.690705299377441
16.213041305541992
24.98226547241211
17.28791618347168
14.285368919372559
9.398666381835938
8.922317504882812
16.358753204345703
26.433338165283203
24.36693000793457
11.454546928405762
8.18093490600586
24.695716857910156
10.877021789550781
9.998302459716797
11.767122268676758
14.129413604736328
18.363563537597656
12.095418930053711
12.316244125366211
20.41754913330078
16.688602447509766
9.840463638305664
14.245455741882324
17.598365783691406
14.501412391662598
34.25462341308594
17.840898513793945
13.283391952514648
19.329435348510742
21.41164207458496
10.933863639831543
28.23160743713379
16.125751495361328
19.76532745361328
10.110909461975098
14.09197998046875
19.171890258789062
28.312131881713867
14.352709770202637
17.106861114501953
11.85046672821045
18.98158073425293
12.397187232971191
14.195113182067871
14.358471870422363
11.200593948364258
10.223760604858398
12.919591903686523
10.741307258605957
10.303250312805176
15.568410873413086
15.200459480285645
24.475248336791992
20.093896865844727
10.963987350463867
10.826709747314453
28.991607666015625
20.81185531616211
26.076618194580078
22.9321231842041
16.399131774902344
13.427506446838379
19.030344009399414
39.04499435424805
16.374235153198242
9.650894165039062
11.568270683288574
31.539579391479492
26.09188461303711
19.029767990112305
25.77138328552246
9.438674926757812
26.73200798034668
18.064842224121094
27.951154708862305
22.208778381347656
20.462142944335938
21.984188079833984
10.302978515625
20.537654876708984
21.438947677612305
8.177510261535645
20.761293411254883
27.718286514282227
17.273107528686523
16.606578826904297
35.981361389160156
17.635717391967773
15.85953426361084
16.060232162475586
17.273704528808594
10.644966125488281
14.098715782165527
9.492562294006348
18.881807327270508
7.569067001342773
22.01227569580078
12.023193359375
38.770565032958984
26.712451934814453
15.425436973571777
15.69705581665039
14.12600040435791
48.183834075927734
25.998336791992188
10.94041633605957
9.96699047088623
18.9189510345459
15.299261093139648
23.998001098632812
16.988910675048828
20.86482810974121
15.140951156616211
33.97434616088867
19.19609832763672
15.887812614440918
26.717926025390625
35.44007873535156
11.983966827392578
17.86777114868164
29.745908737182617
17.42278289794922
11.313586235046387
17.941883087158203
14.348247528076172
7.509870529174805
10.439713478088379
13.329362869262695
17.3210391998291
12.612218856811523
9.218473434448242
15.315651893615723
10.917806625366211
20.036802291870117
15.694705963134766
11.73923110961914
20.87533950805664
8.430644035339355
14.416556358337402
16.518165588378906
6.145152568817139
11.15848445892334
18.069076538085938
13.042502403259277
14.587058067321777
11.667689323425293
15.961962699890137
9.518471717834473
26.72919273376465
17.3956298828125
5.331246376037598
14.83987808227539
15.565969467163086
14.198105812072754
19.073318481445312
14.52828311920166
16.48887062072754
21.042997360229492
18.47833251953125
20.418298721313477
17.324739456176758
8.858880996704102
14.910855293273926
16.23356056213379
15.82361888885498
23.022296905517578
23.624141693115234
6.477099418640137
15.337486267089844
8.078775405883789
11.545134544372559
15.914896011352539
24.531421661376953
21.821123123168945
17.260705947875977
12.573802947998047
20.865615844726562
12.179981231689453
11.255638122558594
20.935842514038086
12.58903694152832
27.694982528686523
14.503216743469238
33.982540130615234
14.059333801269531
9.339484214782715
8.409143447875977
13.587584495544434
16.596609115600586
15.98147964477539
9.939926147460938
20.573163986206055
6.75115442276001
14.764886856079102
21.710311889648438
10.337315559387207
27.320850372314453
19.19894790649414
12.48324966430664
10.51472282409668
18.81389045715332
10.6693754196167
12.888877868652344
10.589648246765137
11.37615966796875
14.551408767700195
13.491469383239746
15.136637687683105
9.000557899475098
13.751480102539062
9.979655265808105
14.428823471069336
10.045103073120117
9.339946746826172
9.701664924621582
12.478670120239258
19.464818954467773
16.41673469543457
11.159610748291016
14.251690864562988
4.074531555175781
14.180779457092285
8.30228042602539
10.324797630310059
12.523765563964844
7.876880645751953
14.08595085144043
12.643814086914062
10.624892234802246
13.094895362854004
6.8929266929626465
8.795778274536133
10.99474048614502
17.86428451538086
8.67764663696289
14.428339004516602
12.540986061096191
9.391944885253906
14.58167552947998
8.323404312133789
7.594359397888184
6.620117664337158
7.94351053237915
8.390860557556152
6.783249855041504
5.50946569442749
5.800463676452637
10.331114768981934
15.616564750671387
7.990956783294678
8.176864624023438
24.23876953125
13.847782135009766
10.433077812194824
7.664486408233643
9.596724510192871
13.634047508239746
6.109360218048096
4.497138977050781
4.1788201332092285
10.048877716064453
4.797933578491211
7.407140731811523
8.6267728805542
6.8072662353515625
27.436708450317383
7.3694586753845215
6.263978004455566
19.482067108154297
14.67077350616455
14.198588371276855
2.2462127208709717
14.646514892578125
12.041074752807617
21.991886138916016
16.964801788330078
5.589308738708496
16.867862701416016
11.065079689025879
13.27243423461914
21.017791748046875
9.517656326293945
18.421506881713867
2.6876652240753174
20.88886070251465
2.2915127277374268
5.038484573364258
2.0498034954071045
2.554396390914917
4.741996765136719
2.710111141204834
7.685904026031494
1.6652288436889648
18.43887710571289
5.946550369262695
1.9593544006347656
10.308085441589355
2.0195152759552
2.4493160247802734
17.90536880493164
1.651633858680725
23.83091163635254
10.911836624145508
1.5850554704666138
2.852200508117676
12.220026016235352
2.294539451599121
23.08345603942871
29.263317108154297
6.222080707550049
2.572765588760376
21.178428649902344
11.766042709350586
3.0776748657226562
2.6285316944122314
2.1882240772247314
1.562896490097046
23.598987579345703
2.023505687713623
4.812912940979004
2.2297723293304443
1.3058651685714722
2.7487947940826416
28.647314071655273
3.055462121963501
1.8609727621078491
3.2677104473114014
6.179879665374756
36.560943603515625
14.143270492553711
2.2938859462738037
11.271517753601074
3.4111104011535645
12.474925994873047
9.496244430541992
30.68907928466797
1.6886310577392578
23.248682022094727
2.272735595703125
7.378772735595703
2.588674545288086
21.376773834228516
3.339146852493286
13.018229484558105
5.116456031799316
19.936370849609375
27.226760864257812
15.713396072387695
32.10444641113281
16.052549362182617
9.270434379577637
20.920738220214844
17.125614166259766
23.497835159301758
13.184117317199707
15.996871948242188
20.366985321044922
11.143598556518555
8.512529373168945
15.36264419555664
12.406776428222656
16.480947494506836
12.196891784667969
16.04465675354004
13.65599536895752
10.694698333740234
9.607895851135254
10.702763557434082
9.898340225219727
14.30644702911377
18.216941833496094
20.552305221557617
22.571517944335938
12.96378231048584
8.477890968322754
18.62994956970215
23.5428409576416
15.486440658569336
24.429479598999023
13.600465774536133
14.437203407287598
16.789165496826172
9.529437065124512
25.494312286376953
23.857929229736328
13.285195350646973
27.05609130859375
11.918680191040039
27.91510009765625
7.216202735900879
27.862953186035156
6.719502925872803
7.0246992111206055
29.691679000854492
4.723686218261719
39.511016845703125
5.629673004150391
62.69331741333008
49.385555267333984
30.47672462463379
14.980602264404297
30.543956756591797
60.796974182128906
19.37958335876465
4.04868221282959
59.308937072753906
24.717294692993164
36.62138366699219
37.623817443847656
23.46915054321289
23.188894271850586
21.744003295898438
31.66257095336914
40.501243591308594
22.086750030517578
40.631874084472656
45.48384094238281
75.08600616455078
34.61775588989258
59.53925704956055
45.10824203491211
17.436519622802734
31.362529754638672
42.114837646484375
25.829866409301758
30.014368057250977
24.653409957885742
40.568641662597656
10.052127838134766
21.290639877319336
39.38720703125
40.41844940185547
36.701786041259766
25.729738235473633
23.458614349365234
16.183517456054688
23.716203689575195
27.551727294921875
22.89579200744629
16.88388442993164
19.240238189697266
13.971661567687988
17.11906623840332
17.731489181518555
10.8128023147583
10.329943656921387
18.80588150024414
11.710174560546875
17.026521682739258
1.7157855033874512
10.790192604064941
16.4580135345459
4.609422206878662
12.684653282165527
14.31307601928711
8.339044570922852
9.773176193237305
8.293187141418457
4.7152323722839355
7.74474573135376
2.155601978302002
9.333078384399414
6.498834609985352
3.6312174797058105
3.2526235580444336
7.837357044219971
4.818536758422852
1.485841989517212
9.862678527832031
2.6755974292755127
11.259106636047363
3.0128931999206543
1.7829272747039795
11.480854034423828
2.495997190475464
10.757855415344238
2.543274402618408
0.739857017993927
0.27392077445983887
0.21189042925834656
4.558164596557617
1.4354273080825806
3.066516160964966
0.9742920994758606
7.747472763061523
5.945338249206543
2.2171854972839355
0.2057752013206482
1.6636109352111816
12.622084617614746
1.9256852865219116
0.7565179467201233
2.627232551574707
0.9091687202453613
2.9860501289367676
0.25817832350730896
0.15114110708236694
3.8369839191436768
12.296354293823242
0.7525306344032288
4.776951789855957
0.2334107607603073
4.534675598144531
0.11265422403812408
8.18466854095459
3.381803035736084
0.19809630513191223
1.20166015625
1.0820035934448242
5.545494079589844
6.148751258850098
0.8018275499343872
6.525443077087402
1.8093868494033813
0.5047816038131714
0.21145766973495483
1.561985969543457
4.277189254760742
12.414730072021484
1.9356210231781006
3.034780263900757
12.161657333374023
11.380577087402344
0.4419601261615753
0.29607275128364563
0.7899225950241089
5.840980052947998
3.010660171508789
15.085433959960938
14.640312194824219
0.34930625557899475
0.30336400866508484
0.4556495249271393
4.279606819152832
6.9942193031311035
0.2140650451183319
9.027068138122559
4.698035717010498
3.7064056396484375
12.614913940429688
8.990918159484863
10.875819206237793
11.201740264892578
2.4578466415405273
0.9839158058166504
10.346189498901367
0.637636661529541
0.2396479845046997
2.9975552558898926
0.3419525921344757
15.802106857299805
0.40475329756736755
11.648550033569336
11.956625938415527
0.9191321730613708
18.774433135986328
2.95028018951416
0.27537357807159424
10.041252136230469
7.376986503601074
9.443953514099121
0.30752333998680115
0.6252749562263489
5.90553617477417
11.449910163879395
7.569258213043213
11.402586936950684
0.8685959577560425
0.44759437441825867
13.434952735900879
9.073482513427734
16.557723999023438
23.195369720458984
6.7250285148620605
23.099315643310547
15.2603178024292
19.28896713256836
11.267171859741211
8.899396896362305
13.739938735961914
1.5933265686035156
9.849610328674316
14.577223777770996
8.5980224609375
0.5585386753082275
3.8382937908172607
15.667946815490723
10.07385540008545
10.728619575500488
8.04930305480957
5.806458950042725
9.882976531982422
27.233156204223633
0.5770772695541382
9.990717887878418
27.982511520385742
13.583536148071289
8.782275199890137
8.935254096984863
20.57279396057129
10.50335693359375
13.610687255859375
52.58193588256836
7.209630966186523
42.97209930419922
39.45714569091797
19.495676040649414
37.40270233154297
41.952823638916016
30.762033462524414
34.71605682373047
19.455608367919922
41.678653717041016
22.21382713317871
31.89982795715332
24.721885681152344
24.350765228271484
39.17238235473633
29.019161224365234
58.20548629760742
28.951927185058594
35.74016571044922
22.252092361450195
38.80179977416992
32.69853210449219
43.300662994384766
19.379697799682617
40.31256103515625
19.616119384765625
22.52519416809082
43.26601791381836
50.21806716918945
19.1685733795166
45.61371612548828
40.00092315673828
23.354066848754883
9.74657917022705
28.191532135009766
37.450157165527344
27.168127059936523
5.007132053375244
15.13015365600586
38.037330627441406
26.878604888916016
22.657299041748047
86.43505859375
13.043023109436035
13.791449546813965
16.249460220336914
27.883159637451172
18.253990173339844
19.104887008666992
33.13290786743164
21.04718017578125
47.57161331176758
48.56710433959961
11.11685562133789
47.098575592041016
13.241995811462402
13.45169448852539
8.44046688079834
34.528831481933594
13.26426887512207
13.282175064086914
29.880767822265625
37.590946197509766
20.912128448486328
29.7206974029541
20.84830665588379
14.072063446044922
10.306666374206543
12.16297435760498
10.432952880859375
17.07769012451172
23.29706573486328
41.49009704589844
8.987245559692383
17.68294906616211
18.143089294433594
14.06015682220459
30.10413932800293
13.683449745178223
2.5936942100524902
7.782313823699951
10.847933769226074
11.350537300109863
7.64119815826416
5.739068984985352
20.522632598876953
20.520166397094727
7.252973556518555
7.543819904327393
0.6337319016456604
5.33958101272583
9.305083274841309
0.7024235725402832
15.789741516113281
9.923069953918457
23.7923526763916
4.485076427459717
0.617644727230072
20.8858585357666
10.596610069274902
7.064516067504883
5.6934051513671875
13.78648567199707
2.887758255004883
3.532423257827759
9.965696334838867
10.753939628601074
0.33392471075057983
0.25798311829566956
0.27300208806991577
1.5795387029647827
2.132406711578369
8.899469375610352
4.975412368774414
1.1525651216506958
1.730729341506958
4.22101354598999
0.7356916666030884
4.925666332244873
7.560025215148926
0.776667594909668
5.489673614501953
0.8908112645149231
7.459739685058594
0.22723062336444855
3.076742172241211
3.0515875816345215
1.0552945137023926
5.444973468780518
1.4467599391937256
0.4947326183319092
2.459362268447876
3.2040953636169434
7.559845924377441
0.7452664971351624
0.32713583111763
7.3056230545043945
0.8994210362434387
0.24641437828540802
2.1171107292175293
0.19083045423030853
1.000446081161499
0.2828696370124817
1.0506455898284912
2.605450391769409
1.0041399002075195
0.45170316100120544
5.072826385498047
0.2579096257686615
0.7377385497093201
0.3368162214756012
0.4893592298030853
0.7560455203056335
4.5571112632751465
6.19502592086792
0.14749737083911896
15.110590934753418
4.326143264770508
7.491299152374268
3.8143386840820312
3.8188278675079346
5.454864978790283
2.8021655082702637
0.287182092666626
0.1495581418275833
1.212383508682251
0.9396666288375854
1.9956542253494263
1.75636625289917
0.3200302720069885
0.5158151388168335
0.3861309587955475
0.38609421253204346
0.5694900155067444
0.1661812961101532
0.1217387318611145
0.3699592053890228
1.749955415725708
1.2305980920791626
0.2421894520521164
0.17664775252342224
1.325208306312561
0.5449857711791992
2.287139654159546
4.063007354736328
0.36227574944496155
0.621886134147644
4.748353958129883
7.5231218338012695
0.4152051508426666
0.34217220544815063
0.9172203540802002
0.32456156611442566
0.5949462652206421
13.567873001098633
1.019537091255188
0.1079874187707901
1.3231955766677856
0.19840796291828156
0.12766973674297333
0.3021824359893799
0.2281477451324463
0.20059151947498322
7.352424621582031
0.19878239929676056
3.9313361644744873
0.35686078667640686
2.1480751037597656
0.30609041452407837
5.23543119430542
3.1491382122039795
0.9453201293945312
7.928122520446777
5.474997043609619
3.76102876663208
0.21251554787158966
1.725780725479126
2.2197303771972656
0.25827884674072266
2.442030191421509
0.4529842436313629
1.491382360458374
0.33310624957084656
2.09173321723938
11.175920486450195
4.887105464935303
3.9350907802581787
1.9286518096923828
6.47683048248291
4.898340702056885
1.1845818758010864
4.389550685882568
3.713468313217163
4.57148551940918
0.39421066641807556
14.614418029785156
2.314236879348755
3.0287587642669678
2.504499673843384
0.19895531237125397
2.6218485832214355
7.822680950164795
1.214357614517212
0.7665238976478577
0.2560216784477234
0.36496293544769287
4.653246879577637
4.779377460479736
1.7776366472244263
6.825026035308838
1.2355406284332275
4.291036605834961
3.5932867527008057
7.9676594734191895
2.744697332382202
4.055657386779785
6.68804407119751
3.3016245365142822
1.1050411462783813
0.4648146331310272
6.0865702629089355
2.880939483642578
0.2038739025592804
7.384723663330078
0.16130739450454712
0.7061396837234497
5.531543254852295
0.15087056159973145
0.5177814960479736
0.2993190884590149
1.0663561820983887
0.5905678868293762
0.16264012455940247
0.2863944172859192
0.9613960385322571
1.9807894229888916
0.22459188103675842
3.3111300468444824
0.7359499931335449
2.092106819152832
0.4308301508426666
2.2484045028686523
0.5788867473602295
3.1505861282348633
0.48634862899780273
0.27358829975128174
0.6188090443611145
0.46235933899879456
3.7740116119384766
0.595635175704956
0.7683112621307373
0.24480324983596802
3.919806957244873
1.3762212991714478
1.1419728994369507
0.30411481857299805
0.28548964858055115
1.477874517440796
0.4044720232486725
2.909332513809204
0.24346402287483215
1.6979413032531738
0.2316119223833084
0.29077693819999695
0.17165818810462952
2.9040753841400146
3.6720123291015625
1.4225215911865234
6.553348064422607
0.5708252787590027
7.143852233886719
0.43060392141342163
1.0807174444198608
0.38055551052093506
1.8981130123138428
0.6129632592201233
1.574941635131836
1.5559663772583008
0.14744947850704193
0.28404858708381653
0.4601125121116638
5.744489669799805
0.19152742624282837
8.945698738098145
0.676429033279419
0.4733208417892456
2.0071418285369873
1.5869801044464111
0.3431662917137146
0.4532402455806732
0.2529712915420532
0.9650228023529053
2.8131468296051025
0.7476184964179993
3.197401285171509
1.3557279109954834
1.9114646911621094
1.441261887550354
0.6106430292129517
0.24182210862636566
3.3931169509887695
5.49491024017334
1.2201305627822876
4.424964427947998
0.3158012330532074
2.8049635887145996
3.9743616580963135
1.0940804481506348
0.20510227978229523
0.39762628078460693
0.5682383179664612
1.1748179197311401
0.24290230870246887
0.8165114521980286
0.27476438879966736
0.6856105327606201
1.1242318153381348
0.6055712699890137
0.5806657671928406
1.5894665718078613
0.22954823076725006
1.2891294956207275
0.5358805060386658
0.5201848149299622
0.39138686656951904
1.3673880100250244
3.3492372035980225
0.6940485239028931
3.5015676021575928
0.9108589291572571
7.343104362487793
0.5962640047073364
0.5304166078567505
0.2726868689060211
0.4502917230129242
0.2431170791387558
4.214378833770752
0.826551616191864
0.5980015397071838
0.3632197976112366
0.47281327843666077
1.3070119619369507
1.8078103065490723
0.6102769374847412
0.7590171098709106
1.5334054231643677
0.36166247725486755
1.8683921098709106
2.210533380508423
0.38074392080307007
1.8575371503829956
0.5724980235099792
1.798974871635437
0.8786253929138184
0.4051409065723419
1.3638511896133423
1.4506864547729492
0.2613753080368042
0.6368128657341003
0.19474199414253235
0.2568277418613434
1.8675668239593506
0.405441015958786
0.22874820232391357
0.3173949420452118
3.9656810760498047
1.4267808198928833
3.9925596714019775
0.2745959460735321
0.2766956388950348
0.6507850289344788
1.074580430984497
0.7456087470054626
1.7883630990982056
0.2324487864971161
2.244492292404175
0.32377660274505615
2.758212089538574
2.3079895973205566
2.677424907684326
1.9590338468551636
1.0125964879989624
0.5206483006477356
2.3966879844665527
1.1001540422439575
0.5030670166015625
1.330236554145813
1.410857915878296
1.3577642440795898
0.9297431111335754
1.253646969795227
0.41436803340911865
1.4959309101104736
9.409332275390625
0.4410037398338318
0.5721032619476318
0.3861289322376251
1.4614648818969727
0.8772929906845093
3.0057313442230225
0.6394076943397522
3.45953106880188
2.8120524883270264
0.8624784350395203
2.3092739582061768
1.250969409942627
0.9719293117523193
0.20790046453475952
1.9668948650360107
3.1584012508392334
3.8605856895446777
0.4625346064567566
3.6129074096679688
0.49789729714393616
0.6018955111503601
0.19114235043525696
1.9022880792617798
0.8309101462364197
0.22879792749881744
0.3165567219257355
0.20487219095230103
0.2459661215543747
2.150287628173828
0.22532659769058228
0.22327886521816254
0.287010133266449
0.8696293830871582
2.0834813117980957
2.3802266120910645
10.601961135864258
0.26990097761154175
0.7732667326927185
1.9266120195388794
0.313046395778656
3.5047967433929443
4.114910125732422
1.888540267944336
0.8226773142814636
8.007875442504883
1.2901012897491455
8.052816390991211
0.3820124566555023
0.29973846673965454
2.1456170082092285
0.31670910120010376
6.742513179779053
3.2408740520477295
1.0516905784606934
5.563466548919678
4.521782875061035
1.3812282085418701
1.395490050315857
1.1437385082244873
2.612103223800659
1.3192707300186157
0.5677496790885925
1.243782877922058
1.5814706087112427
12.775033950805664
0.5975419282913208
1.9772697687149048
4.39277982711792
5.771197319030762
3.2685484886169434
1.307199239730835
0.3026343286037445
4.232975006103516
0.6745343208312988
5.470015525817871
0.22499242424964905
6.174731731414795
0.26389676332473755
3.2743351459503174
0.6044909954071045
13.678916931152344
2.633774518966675
0.9861704111099243
1.1139068603515625
14.018816947937012
0.5884428024291992
0.6824870705604553
18.08797836303711
0.755235493183136
5.3722686767578125
0.32047346234321594
0.8877115845680237
0.30714109539985657
0.4198462665081024
0.9592079520225525
0.6408553719520569
0.8741463422775269
1.452527642250061
0.7841086983680725
0.34138694405555725
1.6023424863815308
1.6108319759368896
0.960148811340332
0.650296688079834
1.079977035522461
6.11424446105957
2.178720712661743
0.6884680986404419
0.7235637307167053
0.7594733238220215
1.0838546752929688
0.4291612505912781
0.46960121393203735
1.4177703857421875
0.2938521206378937
0.6860412359237671
1.8079084157943726
2.477083921432495
0.8491297960281372
0.7041972875595093
0.4044461250305176
0.6642773747444153
0.5473637580871582
8.067276954650879
2.541445255279541
0.37287968397140503
0.6823666095733643
6.205506324768066
0.7636404633522034
2.8177366256713867
7.342090129852295
3.836334705352783
3.1368393898010254
2.2377333641052246
1.466469407081604
2.24562668800354
3.496983766555786
0.2625291347503662
1.1792081594467163
0.4180162250995636
0.6064754724502563
0.6107425093650818
0.33647558093070984
2.392148494720459
0.32865914702415466
1.650443196296692
5.203873157501221
8.340585708618164
0.7690208554267883
4.041859149932861
0.9430461525917053
2.9555578231811523
0.9829369783401489
4.0884690284729
1.3583447933197021
9.824894905090332
0.8041359186172485
2.279127359390259
0.7391843795776367
0.3297123908996582
2.1616451740264893
2.8235816955566406
2.7881815433502197
0.3699686825275421
2.588099718093872
0.361721932888031
3.2162325382232666
0.26735591888427734
0.36965906620025635
4.249318599700928
0.25998619198799133
0.9961585998535156
2.8933818340301514
7.762892723083496
0.57051682472229
2.572932481765747
4.780160903930664
0.9529406428337097
0.21976177394390106
1.5252131223678589
0.7481030821800232
0.6734445691108704
0.27215415239334106
1.6261519193649292
3.9297516345977783
0.3882449269294739
1.3227403163909912
2.5726611614227295
0.42124563455581665
1.0964038372039795
0.4765065312385559
2.2517242431640625
0.3444731533527374
1.0546855926513672
0.7912899851799011
2.1526365280151367
2.942499876022339
0.8453684449195862
0.28364071249961853
1.6911381483078003
0.9444577097892761
0.43902862071990967
0.5217980742454529
5.993212699890137
0.426861047744751
1.2858126163482666
2.897477865219116
1.293552041053772
4.065674304962158
4.517950057983398
5.281754493713379
5.7667236328125
5.62315559387207
0.833175778388977
0.29539087414741516
3.1945507526397705
7.144286155700684
4.810723304748535
0.5445603132247925
2.9929840564727783
1.2540327310562134
3.196990489959717
1.0641576051712036
4.74502420425415
3.1564693450927734
0.4019243121147156
2.2090606689453125
0.9402912855148315
1.7117358446121216
0.27545982599258423
3.4694533348083496
0.2879379391670227
0.31661978363990784
1.6002470254898071
4.74634313583374
0.5799627900123596
0.6468524932861328
0.5366582274436951
3.282808542251587
0.3356585204601288
2.273233652114868
1.8099271059036255
5.631956577301025
2.1875627040863037
3.9079179763793945
1.2158467769622803
1.5264990329742432
0.5457056760787964
1.6828062534332275
1.146175742149353
0.42788439989089966
1.386999249458313
0.7535285949707031
3.5698318481445312
4.540717124938965
4.543388366699219
0.7033545970916748
1.0112016201019287
1.3221122026443481
0.4788484275341034
4.5123610496521
6.191373825073242
7.213410377502441
0.2523253262042999
1.6698585748672485
1.011945366859436
2.4269766807556152
0.49935609102249146
1.6571379899978638
1.1368770599365234
1.4029340744018555
1.5403249263763428
5.577935218811035
1.9740628004074097
0.4426378905773163
3.9826083183288574
0.6307384967803955
5.762589931488037
0.3700532913208008
1.3774210214614868
1.6377067565917969
0.6922985315322876
3.32971453666687
3.1850247383117676
1.9704171419143677
2.554543972015381
3.2833991050720215
2.5816848278045654
2.2747199535369873
0.9363552927970886
2.345905065536499
0.2987678050994873
6.627540588378906
3.3174521923065186
0.8417425751686096
4.460151672363281
1.1025707721710205
6.614914417266846
10.346770286560059
0.6557185649871826
0.9149509072303772
2.9243645668029785
0.5100834369659424
2.7070372104644775
2.643228769302368
1.068695068359375
4.915572643280029
1.238985538482666
0.7339016199111938
0.4883909225463867
1.08906888961792
2.6009953022003174
4.446001052856445
0.38808149099349976
10.306473731994629
4.692712306976318
1.8663535118103027
0.7503119111061096
1.151984453201294
0.35175850987434387
3.2075088024139404
1.905934453010559
0.26871827244758606
0.4442373216152191
2.2260260581970215
4.328690052032471
3.162555456161499
1.9830856323242188
0.4934346079826355
1.713636875152588
0.5447096824645996
2.4503231048583984
2.854976177215576
15.004677772521973
4.8792009353637695
1.1394628286361694
2.102675437927246
5.140974044799805
0.856749951839447
3.8784518241882324
2.15547513961792
2.1843271255493164
1.0147093534469604
1.4985183477401733
7.5013275146484375
3.7074477672576904
1.438782811164856
9.160964965820312
7.5037031173706055
4.654323101043701
1.0248808860778809
1.0846736431121826
0.298470139503479
2.5954365730285645
0.5553659796714783
1.3304327726364136
0.39950039982795715
16.169776916503906
1.4536477327346802
2.369751453399658
2.925356864929199
0.6663357615470886
2.2228004932403564
5.058119773864746
1.8892914056777954
1.2757461071014404
2.109982967376709
0.8933343887329102
1.7980552911758423
0.4757176339626312
3.7869770526885986
3.122123956680298
0.41733551025390625
0.4604637622833252
1.0759204626083374
0.27302810549736023
0.4837026596069336
1.8155466318130493
1.955230712890625
1.353657841682434
0.285270094871521
2.7099106311798096
1.814400315284729
4.2414350509643555
1.8851734399795532
8.93489933013916
2.323284864425659
1.0724213123321533
0.297490656375885
0.3699491024017334
2.310910224914551
1.1544735431671143
0.48616376519203186
0.49339601397514343
0.5228530168533325
1.7363357543945312
0.7902753353118896
0.4437246024608612
1.7874780893325806
0.8179855346679688
2.025400400161743
2.3073220252990723
2.209354877471924
0.5970326662063599
3.643819808959961
2.071230411529541
4.732047080993652
0.4617657959461212
0.5355384945869446
1.345219612121582
2.878669023513794
2.798720121383667
1.0631197690963745
3.081700563430786
0.2596105933189392
1.4776657819747925
2.636129140853882
1.612060546875
4.29929256439209
0.6869457364082336
1.7243543863296509
4.784285545349121
1.0588176250457764
0.8944402933120728
0.7193928956985474
8.426444053649902
7.222558975219727
2.645756244659424
0.9954349398612976
3.801483631134033
1.0380771160125732
1.7114180326461792
3.889235258102417
2.6046576499938965
0.44515421986579895
7.4217681884765625
9.167719841003418
3.0034372806549072
4.294722080230713
8.165173530578613
1.6285018920898438
2.029949903488159
0.8728225827217102
2.501854419708252
2.4929001331329346
0.3113229274749756
6.538294792175293
2.4026458263397217
0.6766814589500427
0.6667007207870483
2.2904179096221924
3.0238869190216064
4.473857402801514
0.8593696355819702
1.1152511835098267
10.16879653930664
1.0763441324234009
3.1547703742980957
4.188785076141357
2.4406275749206543
0.49060431122779846
1.3584684133529663
1.0547810792922974
2.338871955871582
2.5102081298828125
2.3923556804656982
2.8376734256744385
2.384387254714966
7.761429309844971
1.5558756589889526
1.0082249641418457
0.41468316316604614
3.9191462993621826
1.3148071765899658
0.6274152398109436
0.815570056438446
0.8327696919441223
4.140811920166016
0.5995972156524658
2.939974308013916
0.7949554920196533
4.140466213226318
0.5084472894668579
1.518291711807251
2.905618667602539
10.091729164123535
0.6595792174339294
1.1808820962905884
3.263577699661255
3.252657175064087
0.8833932280540466
2.261687994003296
0.4392601549625397
4.172273635864258
0.5618525743484497
3.491114616394043
8.54857063293457
6.127200603485107
0.8252993226051331
1.2159583568572998
3.181225061416626
1.091741919517517
1.1186217069625854
2.2256319522857666
3.8988044261932373
5.359333515167236
0.6516104936599731
4.634464740753174
2.4477524757385254
0.8611835837364197
3.2756564617156982
1.2612102031707764
0.5704911947250366
0.4309537708759308
0.843210756778717
0.9291410446166992
0.31644174456596375
1.7276238203048706
1.1426243782043457
1.703927993774414
0.45241352915763855
2.0214483737945557
3.9040660858154297
2.931403875350952
1.9943374395370483
2.1782045364379883
1.1432777643203735
1.8461647033691406
2.8119406700134277
2.474236488342285
3.651398181915283
4.600069999694824
2.766920566558838
2.3193538188934326
3.443622350692749
0.365445077419281
1.0300191640853882
1.2559565305709839
0.7251164317131042
4.586965560913086
1.1341208219528198
0.5609846711158752
1.4995559453964233
1.9625850915908813
1.076878309249878
0.49526166915893555
1.6833804845809937
0.9737845063209534
4.391324996948242
2.380490779876709
0.34822654724121094
2.7985761165618896
0.3732605576515198
0.3829052448272705
1.9308325052261353
0.9883309006690979
0.9804880023002625
0.9887523651123047
0.9789420366287231
0.9624226689338684
0.990329384803772
0.9569439888000488
0.9753731489181519
1.0091756582260132
1.0091108083724976
0.979110836982727
0.9871150851249695
0.9886962175369263
0.9996464848518372
1.052811861038208
0.9227961897850037
1.0766018629074097
1.1258211135864258
1.2352527379989624
1.5485481023788452
1.1804742813110352
1.860102653503418
1.926440715789795
1.5433233976364136
2.4634127616882324
1.3632985353469849
2.306488513946533
3.1505751609802246
3.0899293422698975
2.9374098777770996
3.9135348796844482
4.463918685913086
3.6530070304870605
4.6827073097229
4.651246547698975
5.4991068840026855
5.478820323944092
6.730086326599121
6.499512672424316
6.942821979522705
8.641667366027832
8.888532638549805
8.48233699798584
8.855998039245605
9.361884117126465
8.400630950927734
8.650554656982422
8.542844772338867
8.569456100463867
8.647486686706543
8.15868854522705
6.715269088745117
7.760501384735107
7.491349697113037
7.050238132476807
6.770748615264893
5.310845851898193
6.11368465423584
5.888641834259033
5.614064693450928
5.244269847869873
4.817285060882568
4.68650484085083
4.1859965324401855
3.792952060699463
3.5190048217773438
3.3756825923919678
2.93879771232605
2.664632558822632
2.4249870777130127
2.383066177368164
2.0056662559509277
2.0764029026031494
2.100405693054199
1.5665217638015747
1.3735487461090088
1.044725775718689
1.3822908401489258
0.7802717089653015
0.7784358263015747
0.6272042393684387
0.46889838576316833
0.4212426245212555
0.26087650656700134
0.3141920566558838
0.43727627396583557
0.12977318465709686
0.15851064026355743
0.09463325142860413
0.08264384418725967
0.10135025531053543
0.17420659959316254
0.1366049349308014
0.09802062809467316
0.12656402587890625
0.15438921749591827
0.17316709458827972
0.16049006581306458
0.20876164734363556
0.1884189397096634
0.19412313401699066
0.2212303727865219
0.21283915638923645
0.26428651809692383
0.2843703329563141
0.28837355971336365
0.2758669853210449
0.31575971841812134
0.33307841420173645
0.32488223910331726
0.3107020854949951
0.36124444007873535
0.3602202534675598
0.33860254287719727
0.31534630060195923
0.36954137682914734
0.3266247808933258
0.3457588851451874
0.3556993007659912
0.3242933452129364
0.3671734631061554
0.3459743857383728
0.35981130599975586
0.3566020131111145
0.38593557476997375
0.3706263303756714
0.3867645561695099
0.4257469177246094
0.42531195282936096
0.45691734552383423
0.5260268449783325
0.5248439908027649
0.58734530210495
0.6121035814285278
0.6865060329437256
0.7768637537956238
0.7849416732788086
0.9475132822990417
0.9427512288093567
1.0035864114761353
1.0801588296890259
1.266522765159607
1.3338667154312134
1.4543441534042358
1.527119517326355
1.638754963874817
1.8028326034545898
1.8080755472183228
1.959455966949463
2.1645143032073975
2.0868442058563232
2.261046886444092
2.3462307453155518
2.376551866531372
2.4346840381622314
2.516125202178955
2.510669708251953
2.5163583755493164
2.5331473350524902
2.4804482460021973
2.4626286029815674
2.424752950668335
2.326157569885254
2.1937382221221924
2.1985695362091064
1.9785124063491821
2.3271446228027344
1.7963355779647827
1.6470075845718384
1.7497202157974243
1.5693036317825317
1.2291256189346313
1.1630040407180786
1.003159761428833
1.0897585153579712
0.9471163153648376
0.7115554213523865
0.7382428050041199
0.6283252835273743
0.49294549226760864
0.40467149019241333
0.36482474207878113
0.32178592681884766
0.6853017807006836
0.3381432592868805
0.3288472592830658
0.20384958386421204
0.18560455739498138
0.21488410234451294
0.1487719863653183
0.18427306413650513
0.1299082487821579
0.11553561687469482
0.1372695416212082
0.12843336164951324
0.10944724082946777
0.12632763385772705
0.3028547465801239
0.2269500494003296
0.06311526894569397
0.06222428381443024
0.05728103592991829
0.45551130175590515
0.06355635821819305
0.13036875426769257
0.39272546768188477
0.048014234751462936
0.06404166668653488
0.04999115318059921
0.312863826751709
0.04756665229797363
0.09730103611946106
0.03686090186238289
0.5143299698829651
0.051497187465429306
0.03880811110138893
0.36197394132614136
0.037280358374118805
0.36715275049209595
0.041031647473573685
0.4930526614189148
0.5897414088249207
0.7530797719955444
0.756039023399353
1.3050960302352905
0.9573789238929749
0.8846325874328613
0.8619803786277771
0.9422599077224731
4.478048801422119
1.5802124738693237
8.586273193359375
7.6089186668396
18.700748443603516
2.349151372909546
35.485877990722656
3.215575695037842
16.009624481201172
17.296262741088867
10.919245719909668
20.767324447631836
4.057061195373535
18.32460594177246
9.53190803527832
12.197084426879883
6.829072952270508
4.499600410461426
11.198320388793945
14.63204574584961
12.815467834472656
11.308530807495117
11.474206924438477
9.03807544708252
7.229943752288818
4.642922878265381
4.448678493499756
6.244769096374512
5.3721208572387695
3.1009926795959473
2.6946468353271484
3.5558876991271973
4.570277214050293
1.5650181770324707
4.966479301452637
4.091772079467773
6.640361309051514
1.7360105514526367
2.8838977813720703
8.63797664642334
9.765215873718262
5.801093578338623
3.19024920463562
13.220656394958496
3.8593711853027344
8.048108100891113
12.605571746826172
3.7976908683776855
18.938486099243164
14.775440216064453
22.099245071411133
7.775118827819824
11.927145957946777
5.8019022941589355
14.60547924041748
4.587841987609863
8.277859687805176
6.164641380310059
7.358441352844238
3.3643033504486084
9.36274242401123
3.5227606296539307
5.1536946296691895
3.3688104152679443
1.217215895652771
1.6713311672210693
2.589435577392578
5.932518005371094
2.655532121658325
3.8667314052581787
1.831404447555542
5.2456841468811035
3.1633682250976562
4.483393669128418
4.712221622467041
4.112473964691162
10.96705436706543
10.11567211151123
4.749813556671143
3.4906632900238037
4.37197208404541
4.491440296173096
2.102978467941284
6.428307056427002
1.9241690635681152
3.1497750282287598
1.3401209115982056
5.6734161376953125
4.721439838409424
3.827537775039673
7.2100629806518555
1.9063993692398071
6.466424465179443
5.968796730041504
13.263192176818848
3.571986198425293
6.522592067718506
5.2898712158203125
2.1623988151550293
2.439870834350586
11.899884223937988
4.3403191566467285
4.024967670440674
14.726461410522461
4.057778358459473
7.91835355758667
10.999802589416504
15.107412338256836
12.971689224243164
6.73931360244751
14.49778938293457
7.915460109710693
5.533297061920166
16.121286392211914
8.416435241699219
20.8365421295166
4.461952209472656
14.938948631286621
23.1114559173584
15.405367851257324
14.16805648803711
25.603452682495117
12.807108879089355
12.809771537780762
16.069875717163086
20.026124954223633
18.139360427856445
12.846522331237793
4.691825866699219
8.748688697814941
9.618896484375
9.050165176391602
18.997234344482422
14.66115665435791
33.4036750793457
11.55256462097168
11.775530815124512
5.489212512969971
10.223647117614746
8.656074523925781
15.1600341796875
20.25840187072754
10.388975143432617
8.577630043029785
24.17892837524414
24.60114288330078
15.852538108825684
14.446208000183105
17.265851974487305
17.38286781311035
18.572664260864258
16.28225326538086
10.239151000976562
13.325124740600586
12.666757583618164
11.696547508239746
11.931703567504883
15.633302688598633
14.352696418762207
11.337104797363281
13.722267150878906
12.399371147155762
11.095841407775879
26.174898147583008
18.656476974487305
11.315653800964355
9.582250595092773
12.087020874023438
11.270846366882324
15.488504409790039
9.545231819152832
9.167612075805664
11.68777084350586
11.453573226928711
8.934243202209473
13.373080253601074
16.032468795776367
14.113834381103516
7.287374496459961
25.50735855102539
4.39833927154541
5.107921123504639
9.237344741821289
23.70364761352539
11.89460277557373
8.525177955627441
9.953414916992188
9.299620628356934
14.546941757202148
36.66788864135742
4.990005016326904
20.625890731811523
5.78294563293457
9.85007095336914
25.0802001953125
17.69539451599121
6.480465412139893
4.261430740356445
19.657148361206055
13.383925437927246
5.36519718170166
4.278715133666992
22.640399932861328
20.705190658569336
5.279697895050049
14.933077812194824
20.908018112182617
3.0052545070648193
16.23646354675293
22.355010986328125
14.55019760131836
38.169734954833984
19.70702362060547
2.1012930870056152
4.326174259185791
3.5888590812683105
6.913620471954346
4.014692783355713
6.308297157287598
1.919608473777771
0.5500913858413696
5.373289585113525
4.239513397216797
3.434861898422241
0.9390124082565308
3.1711926460266113
0.44926461577415466
3.3176357746124268
2.290187120437622
2.355543851852417
0.7212601900100708
6.415318012237549
2.9583568572998047
2.305612087249756
7.449410438537598
0.94575434923172
1.0050030946731567
0.6823508739471436
0.9948021769523621
6.0156378746032715
0.5771269798278809
0.9115049839019775
8.439308166503906
1.0670082569122314
7.449190139770508
3.1263246536254883
1.9731688499450684
0.608155369758606
1.4430423974990845
7.002232074737549
0.47638365626335144
1.3781012296676636
2.4323458671569824
0.3696085512638092
2.9327149391174316
1.0777900218963623
1.7171415090560913
0.4629042148590088
0.4540990889072418
2.9604692459106445
0.8689567446708679
0.6714327335357666
3.637038469314575
0.8885615468025208
0.6975029706954956
1.055616855621338
0.7730674147605896
0.4706624448299408
1.5063568353652954
0.5340320467948914
19.225940704345703
3.2252197265625
8.53442096710205
0.8401089906692505
0.7044188380241394
0.5919250249862671
0.34105372428894043
0.6891076564788818
0.5035194754600525
6.426097393035889
0.5579925775527954
0.4802260994911194
1.3462789058685303
3.363274097442627
3.813308000564575
2.5559940338134766
3.048931360244751
26.43754768371582
7.545175552368164
2.997062921524048
4.549156665802002
14.27970027923584
17.356096267700195
5.869995594024658
18.72614097595215
3.510571002960205
13.307648658752441
1.3245596885681152
6.509478569030762
6.854026794433594
2.5046868324279785
1.2130450010299683
1.3645870685577393
2.971879482269287
1.0837987661361694
0.9393790364265442
1.1449248790740967
1.1333128213882446
1.4216901063919067
1.0307981967926025
1.2507033348083496
1.5947868824005127
1.296493411064148
1.742112636566162
1.4076508283615112
1.4348102807998657
1.8758190870285034
1.0320608615875244
2.4623947143554688
1.2805627584457397
4.255765914916992
1.4352917671203613
1.9599051475524902
3.7162365913391113
1.975677490234375
3.139521360397339
2.9075605869293213
2.298379421234131
4.731966018676758
2.0594677925109863
4.635073661804199
4.5627312660217285
4.99480676651001
6.465203285217285
3.1244781017303467
5.258796215057373
2.7432823181152344
3.0750796794891357
5.517532825469971
6.84883975982666
3.528097629547119
7.215847015380859
4.6568803787231445
2.287416934967041
3.9037232398986816
4.755501747131348
4.666673183441162
4.091617107391357
3.4118919372558594
5.125680446624756
5.521109580993652
7.484229564666748
2.991936206817627
5.276724338531494
3.683889865875244
2.7505226135253906
2.574183225631714
2.950688362121582
2.853092670440674
2.1547110080718994
3.482194423675537
0.5552166104316711
1.6834455728530884
1.1944712400436401
0.8300437927246094
2.0700409412384033
1.3393501043319702
1.0266903638839722
1.8262585401535034
1.506758213043213
0.9463569521903992
1.2477941513061523
0.9174261689186096
1.1650341749191284
0.7393030524253845
0.5273127555847168
1.138789176940918
0.5549054145812988
0.45568591356277466
0.8286225199699402
0.4768621325492859
0.4608190357685089
0.5667665600776672
0.9686979055404663
0.38207289576530457
0.745627760887146
0.9337974190711975
0.8308116793632507
0.8509315848350525
0.9374594688415527
1.4289790391921997
1.1000951528549194
1.9204095602035522
1.047827959060669
0.6480391025543213
1.1588915586471558
1.0356389284133911
2.335388422012329
1.2381846904754639
1.2442079782485962
0.7978938221931458
2.356184959411621
1.7315763235092163
0.6058462262153625
0.5908966064453125
0.9893045425415039
0.6662324666976929
0.7391454577445984
0.6661120057106018
0.6979867815971375
8.04688549041748
0.31003692746162415
0.5915552377700806
0.6151196360588074
0.477700412273407
0.36009490489959717
0.46423208713531494
0.23805873095989227
0.7938629388809204
0.21573539078235626
0.3259066939353943
0.2553021311759949
0.30342206358909607
0.26460838317871094
0.31477704644203186
0.16208286583423615
0.26758769154548645
0.39724001288414
0.9204838275909424
1.4918360710144043
0.5247238874435425
0.40770262479782104
0.246148943901062
0.803013026714325
0.5400029420852661
0.5962578058242798
0.5238195657730103
0.4411149024963379
3.3282947540283203
0.8231233358383179
0.6875243186950684
0.4493764638900757
0.5320902466773987
0.2999725341796875
0.4430833160877228
0.4488212466239929
0.49311527609825134
0.3458746373653412
0.4126553535461426
0.5298632383346558
0.40255001187324524
0.30959492921829224
0.4810945987701416
0.3079219460487366
0.3345424234867096
1.1075588464736938
0.1297631412744522
0.14805851876735687
0.3352370858192444
0.4042157530784607
0.1480642706155777
0.4120173752307892
0.19661810994148254
0.6122994422912598
0.3457471430301666
0.3642294108867645
0.3703492283821106
0.29874998331069946
0.47776734828948975
0.07027346640825272
0.3428032696247101
0.17797720432281494
0.3759961426258087
0.273646742105484
0.1819056272506714
0.2163945585489273
0.40642598271369934
0.19560451805591583
0.15348516404628754
0.7486536502838135
0.3320924639701843
0.10083044320344925
0.5736715197563171
0.24719174206256866
0.21509689092636108
0.06874512135982513
0.3105928897857666
0.07584507763385773
0.2929949164390564
1.0159157514572144
0.2872135639190674
0.4993937611579895
0.4088086485862732
0.07586728781461716
0.13820943236351013
0.08133233338594437
0.7286644577980042
0.18149492144584656
0.152451291680336
0.2537587285041809
0.1616980880498886
0.1427762359380722
0.5174568295478821
0.6825335621833801
0.3432296812534332
0.042852628976106644
0.15745723247528076
0.07772442698478699
0.1472385972738266
0.3131828308105469
0.8150204420089722
0.04551587253808975
0.7021342515945435
0.10907546430826187
0.5720454454421997
0.043945327401161194
0.14987657964229584
0.16991573572158813
0.3335930407047272
0.21275445818901062
0.2308688759803772
0.10647799074649811
0.12389476597309113
0.10244528949260712
0.18677210807800293
0.4261299967765808
0.13296476006507874
0.09015029668807983
0.38086020946502686
0.3460594713687897
0.3080901503562927
0.2236359864473343
0.4084804952144623
13.366083145141602
0.03923053666949272
14.556729316711426
0.3289967179298401
0.4682645797729492
4.571860313415527
8.863123893737793
0.11630544066429138
0.14254532754421234
0.13344331085681915
0.303170382976532
0.2032594233751297
2.319089889526367
0.10149016976356506
0.747101366519928
0.1855268031358719
0.07883928716182709
0.21264751255512238
0.2145678997039795
0.08500295877456665
0.10166242718696594
0.4624742865562439
0.18649297952651978
0.3835207223892212
0.2813902497291565
1.6388232707977295
0.3521069884300232
0.7711105942726135
0.40554559230804443
0.2224772423505783
0.47181859612464905
0.5557412505149841
0.22104214131832123
0.34925147891044617
0.5715318322181702
0.39660120010375977
0.8226640820503235
0.5488097667694092
0.2731669247150421
0.47862720489501953
1.4999425411224365
0.3170551359653473
0.1511562466621399
2.9409074783325195
7.342029094696045
0.303284615278244
0.18843132257461548
0.2238432914018631
0.40551671385765076
0.10590125620365143
0.08300983905792236
0.0927056223154068
0.20251981914043427
0.11904694139957428
0.16155627369880676
0.21440842747688293
0.17707452178001404
1.5215693712234497
0.2340518683195114
0.17126262187957764
0.3483113944530487
0.05836527422070503
15.68789291381836
0.4404963552951813
8.703439712524414
9.000411987304688
0.33762869238853455
4.494135856628418
2.647979497909546
0.28395509719848633
0.5629355907440186
2.0899507999420166
7.671900272369385
0.19744423031806946
0.25917956233024597
0.36677661538124084
4.127895832061768
4.521514892578125
3.16223406791687
0.22483833134174347
2.028841495513916
38.882381439208984
23.246370315551758
28.72386360168457
9.039434432983398
4.41317081451416
9.309555053710938
0.3463748097419739
1.2576546669006348
15.497563362121582
8.02991008758545
13.866225242614746
24.185466766357422
5.510854244232178
0.29637858271598816
1.3232905864715576
1.8414099216461182
2.483321189880371
4.525327205657959
2.267671823501587
2.017302989959717
1.7419476509094238
1.658684253692627
1.7520592212677002
1.8277322053909302
1.79617440700531
2.0064690113067627
1.422579288482666
1.532669186592102
1.907300591468811
1.508027195930481
1.155519723892212
2.1739895343780518
1.35403573513031
2.179208278656006
2.7727103233337402
1.2805818319320679
1.6973366737365723
3.8657805919647217
1.240524411201477
2.5641026496887207
2.00327205657959
2.6949262619018555
2.430997848510742
3.2822113037109375
2.7636466026306152
2.7164523601531982
2.4994542598724365
1.9306745529174805
2.759554862976074
1.9195762872695923
2.353057861328125
2.7088465690612793
2.6954033374786377
2.280496120452881
1.6943191289901733
2.2157070636749268
1.784172534942627
1.656849980354309
2.105384349822998
2.057084321975708
1.2160037755966187
1.5079237222671509
1.457983136177063
1.5173208713531494
1.2778199911117554
1.8336933851242065
1.3245797157287598
1.246507167816162
1.5562260150909424
1.5644019842147827
1.0871951580047607
1.2940492630004883
1.0673259496688843
1.5170562267303467
0.9417820572853088
0.5782479047775269
0.9582335948944092
0.797406792640686
0.5298943519592285
0.6305102705955505
0.7712610960006714
0.946908712387085
1.000376582145691
0.4789498448371887
0.3600941598415375
0.334171861410141
0.7150092124938965
0.4752093255519867
0.44969940185546875
0.9391670227050781
0.5427893996238708
0.9185265302658081
0.4690176546573639
0.607429563999176
0.48216482996940613
1.0533735752105713
0.4149022102355957
1.1692726612091064
0.19888213276863098
0.2555462718009949
0.18278300762176514
0.8283860087394714
0.3196363151073456
0.17665760219097137
0.30614665150642395
0.3830316364765167
0.29162901639938354
0.24544672667980194
0.1638832539319992
0.326887845993042
0.2631056010723114
0.22805969417095184
0.14435923099517822
0.19209137558937073
0.27292245626449585
0.14472325146198273
0.299020379781723
0.1412232369184494
0.2407868653535843
1.3058788776397705
0.24556903541088104
0.30530881881713867
0.15226013958454132
0.6789024472236633
0.4309104084968567
0.19958321750164032
0.6452389359474182
0.32648932933807373
0.150226429104805
0.2533353865146637
0.632114827632904
0.15781670808792114
0.18490251898765564
0.16561707854270935
0.31501102447509766
0.6641820073127747
0.22582679986953735
0.2368049919605255
0.24074707925319672
0.2093578279018402
0.31591659784317017
0.14156070351600647
0.1833968460559845
0.14195141196250916
0.17584264278411865
0.15493036806583405
0.23652559518814087
0.10251171886920929
0.19558513164520264
0.12224987894296646
0.8227057456970215
0.2135176807641983
0.25994208455085754
0.11722605675458908
0.15470142662525177
1.2883515357971191
0.14447630941867828
0.2323482185602188
0.5211185216903687
0.20439666509628296
0.2135365903377533
0.2669687867164612
0.29465025663375854
0.09069406986236572
0.09402702748775482
0.21244412660598755
0.2917793393135071
0.16206558048725128
0.14420850574970245
0.9722424745559692
0.2259560078382492
0.4893341660499573
0.1450028270483017
0.22728098928928375
0.24037140607833862
0.14950527250766754
0.2184097170829773
0.18579457700252533
0.2869630455970764
0.11610061675310135
0.3684481978416443
0.4702516198158264
0.880483865737915
0.0992416962981224
0.2445921003818512
0.1572645604610443
0.5195798277854919
1.0686063766479492
0.22365063428878784
0.1293090432882309
0.26334768533706665
0.3204861581325531
0.16083386540412903
0.44648030400276184
0.13368234038352966
0.21602362394332886
0.30983057618141174
0.16205689311027527
0.21662478148937225
0.1218331903219223
0.9105543494224548
0.2394322007894516
0.15211161971092224
0.06284721195697784
0.14066340029239655
0.1563991904258728
0.2888799011707306
0.18042172491550446
0.11796627938747406
2.1198675632476807
0.06594434380531311
0.2953506410121918
0.07485882192850113
0.28264129161834717
0.16093286871910095
0.11946570873260498
0.08780503273010254
0.545600414276123
0.44721150398254395
0.34298959374427795
0.4652765095233917
0.2648771107196808
0.8331629633903503
0.2374323606491089
0.1494043916463852
0.16971571743488312
0.09812416136264801
0.17514631152153015
0.16249024868011475
0.2734116315841675
0.11216999590396881
0.08340338617563248
0.2270652949810028
0.09069924801588058
0.831585705280304
0.07503310590982437
0.27608394622802734
0.12060438841581345
0.15456993877887726
0.34360799193382263
0.08566204458475113
2.392775774002075
0.08967196196317673
0.06310334801673889
0.1692366898059845
0.12532562017440796
0.13705094158649445
0.10903964191675186
0.07389847934246063
0.12132009863853455
0.15321965515613556
2.2616002559661865
0.1863531470298767
0.1871691197156906
0.07659447193145752
0.06893087923526764
0.12382213771343231
0.06928189098834991
0.29997721314430237
0.8139492273330688
0.8726533651351929
0.07339808344841003
0.19856247305870056
0.09337178617715836
0.22775225341320038
0.09688108414411545
0.08320502936840057
0.11505298316478729
0.054883815348148346
3.7743468284606934
4.922062397003174
0.1775064617395401
0.35929328203201294
0.3118528723716736
0.15744774043560028
0.3766755163669586
0.15347665548324585
2.3138887882232666
0.19727680087089539
0.5822596549987793
0.21487081050872803
0.1577448546886444
0.22980362176895142
0.3353607654571533
0.2172023355960846
0.8299475312232971
0.11959324032068253
0.45778173208236694
0.24614454805850983
0.29762154817581177
0.09420245885848999
0.09823878854513168
0.22582250833511353
0.26935839653015137
0.2577987611293793
0.09698867052793503
0.10945504903793335
0.12353186309337616
0.10113240778446198
2.770453929901123
3.4403417110443115
0.16374966502189636
0.16209109127521515
0.10169130563735962
0.09280817955732346
0.15477895736694336
2.8512253761291504
0.21035771071910858
2.291825771331787
0.056734465062618256
0.04914846643805504
0.11711463332176208
0.14370325207710266
0.07892612367868423
0.052436038851737976
0.09328801929950714
0.21267683804035187
0.24824488162994385
0.14018483459949493
0.20487217605113983
0.08116510510444641
0.11712939292192459
0.10000129044055939
0.08925988525152206
0.15757319331169128
0.10947208106517792
0.17653846740722656
0.11982071399688721
0.07753302156925201
1.9595550298690796
0.2444678246974945
0.533782958984375
2.674149513244629
0.18935677409172058
3.0973081588745117
0.2617529630661011
0.40124666690826416
0.17110450565814972
0.18531681597232819
0.2165469378232956
0.18901093304157257
0.2699534595012665
1.387065052986145
1.2702229022979736
0.538176417350769
0.20167382061481476
0.44364744424819946
0.2901097238063812
1.0177010297775269
0.3221816420555115
0.13042861223220825
0.3716872036457062
0.18539409339427948
0.3489365577697754
0.4521210491657257
0.11777684092521667
0.4824875593185425
0.0867292657494545
0.12343548983335495
1.5783281326293945
0.11619456112384796
0.11329924315214157
0.37564530968666077
0.4608759582042694
0.18851996958255768
0.11275216937065125
0.36456143856048584
0.13398022949695587
0.10607234388589859
0.13912753760814667
0.2893853783607483
0.15797702968120575
0.22520658373832703
0.08998052030801773
1.6527581214904785
1.5903688669204712
0.07841239869594574
0.11302176117897034
0.28636258840560913
0.28577059507369995
0.1549094319343567
1.630714774131775
0.279052197933197
0.1890132874250412
0.46323612332344055
1.2519752979278564
0.22177113592624664
0.2737671136856079
0.3133644163608551
0.3093770742416382
0.21046261489391327
1.2530955076217651
0.23466165363788605
0.3340736925601959
1.2089486122131348
0.40473079681396484
0.24069170653820038
0.42697516083717346
0.2328471541404724
1.3990490436553955
1.0950961112976074
0.3792860805988312
0.13461458683013916
0.6714558601379395
0.17042000591754913
0.343696266412735
1.0182006359100342
0.48423659801483154
0.16043567657470703
0.25974971055984497
0.47287702560424805
0.3363315761089325
0.80036860704422
0.5748534202575684
0.7095117568969727
0.1302480250597
0.37524619698524475
0.4302971065044403
0.12306171655654907
0.8643706440925598
0.6579478979110718
0.3773624002933502
0.2186991274356842
1.028935194015503
0.4514384865760803
0.14678680896759033
0.12061198055744171
1.1508857011795044
0.9535782933235168
0.5177172422409058
0.4747394919395447
0.28189125657081604
1.842195749282837
0.11983618140220642
0.15841767191886902
1.1255546808242798
0.24339815974235535
0.7252119779586792
1.5525753498077393
0.25255605578422546
0.09906696528196335
0.39937254786491394
0.21109086275100708
1.48578941822052
1.2440290451049805
0.15444602072238922
0.5736932158470154
2.8072710037231445
0.37151461839675903
1.2662873268127441
0.554228663444519
0.4178628623485565
0.2627699673175812
0.4601759910583496
0.22351622581481934
1.4505971670150757
0.3942640423774719
0.19871436059474945
0.1390591710805893
0.3520978093147278
1.1211146116256714
0.42445191740989685
0.1123204454779625
1.9395697116851807
0.3254934847354889
1.6549072265625
0.6046546697616577
1.7414965629577637
0.4988556504249573
2.7196390628814697
0.25895875692367554
1.575910210609436
0.6877810955047607
0.7955166697502136
2.0834014415740967
0.2576877176761627
2.2739367485046387
0.17284329235553741
0.6174634695053101
0.6342131495475769
2.5786256790161133
1.3545457124710083
1.139958143234253
0.21317146718502045
0.22953639924526215
0.39250579476356506
1.7975610494613647
0.2569572329521179
0.07748627662658691
0.1904580295085907
0.12490982562303543
1.6360032558441162
1.3145649433135986
1.5369007587432861
2.2922964096069336
0.19871623814105988
0.11997576802968979
0.39804044365882874
0.1605907529592514
1.3707157373428345
1.4875891208648682
3.9815175533294678
2.01151180267334
1.675754189491272
0.11706142872571945
0.3063313364982605
0.2169557511806488
1.6252413988113403
2.2522592544555664
0.2585858404636383
1.2551037073135376
0.47012510895729065
0.29209211468696594
1.417515516281128
2.6781551837921143
0.38937249779701233
0.18100591003894806
0.2660805583000183
0.8099520802497864
0.3705916106700897
0.24175353348255157
0.11973164230585098
0.3851819932460785
0.6861794590950012
0.25320935249328613
0.2725438177585602
0.3068046569824219
0.44132739305496216
0.18699294328689575
0.15733012557029724
0.33490824699401855
0.13588474690914154
0.748307466506958
0.24474327266216278
0.37668001651763916
0.1067051813006401
0.12595154345035553
0.1421780288219452
0.4296545088291168
0.1344553381204605
0.17166462540626526
0.2095254361629486
0.09012697637081146
0.39325764775276184
0.44746819138526917
0.19056853652000427
0.2027955949306488
0.3943323791027069
0.3855511546134949
0.12023891508579254
0.20672589540481567
0.05933549627661705
0.19232256710529327
0.19071830809116364
0.15341506898403168
0.5576961636543274
0.4190641939640045
0.11381688714027405
0.16032594442367554
0.6188321113586426
0.3478705585002899
0.20501446723937988
0.10754910111427307
0.19900673627853394
0.336342990398407
0.3498552739620209
0.28379327058792114
0.2968883812427521
0.23193152248859406
0.31165841221809387
0.1749122142791748
0.483499139547348
0.2698335647583008
0.15590763092041016
0.27903085947036743
0.10460267961025238
0.21997860074043274
0.30422139167785645
0.265566885471344
0.3170706629753113
0.33473798632621765
0.3623139560222626
0.2586129903793335
0.1658307909965515
0.43076157569885254
0.39382585883140564
0.5258517861366272
0.42892852425575256
0.2396193891763687
0.11235227435827255
0.28975310921669006
0.08830755949020386
0.2974357008934021
0.2506830394268036
0.3688327968120575
0.16874781250953674
0.3591250777244568
0.3959881663322449
0.10393771529197693
0.16292214393615723
0.3001323342323303
0.36926937103271484
0.17155282199382782
0.16114464402198792
0.4293578863143921
0.3085019588470459
0.030547019094228745
0.3202973008155823
0.25804683566093445
0.30898725986480713
0.0996025800704956
0.4055354595184326
0.36632731556892395
1.0372182130813599
0.33810320496559143
0.4484681785106659
0.08220642060041428
0.07395856827497482
0.16082724928855896
0.1279279589653015
0.1584685742855072
0.08555802702903748
0.5515691637992859
0.5999781489372253
0.4037189483642578
0.13080351054668427
0.3218061327934265
0.874922513961792
0.5098392963409424
0.04485571011900902
0.2016271948814392
0.1782318651676178
0.048684973269701004
0.07698361575603485
0.6683156490325928
0.12050548940896988
0.17298953235149384
0.27053016424179077
0.05342107638716698
0.10321900993585587
0.35713833570480347
0.05422746390104294
0.0831499770283699
0.33682453632354736
0.03408980742096901
0.04600909352302551
0.22301724553108215
0.08303409814834595
0.18107494711875916
0.24687787890434265
0.1483304798603058
0.2694314122200012
0.10950027406215668
0.11482317745685577
0.24066026508808136
0.3283160924911499
0.14655110239982605
0.2737531363964081
0.1693364977836609
0.3140556216239929
0.20140138268470764
0.03303878754377365
0.39382514357566833
0.16625463962554932
0.14675410091876984
0.22964701056480408
0.2396104484796524
0.08830688148736954
0.20348592102527618
0.07100512832403183
0.13808698952198029
0.42884334921836853
0.3202655613422394
0.26551803946495056
0.06442715227603912
0.10352715849876404
0.05383078008890152
0.1729547679424286
0.18415319919586182
0.17384031414985657
0.05657218396663666
0.08718273788690567
0.301518052816391
0.05813237652182579
0.05401003360748291
0.07814525812864304
0.3029647767543793
0.3787301182746887
0.5110300183296204
0.28911808133125305
1.101531982421875
0.5495272874832153
0.206405371427536
0.04396717995405197
0.1124122217297554
0.11335662752389908
0.6289159059524536
0.06186087802052498
0.556333601474762
0.2933528423309326
0.07392485439777374
0.24410057067871094
0.3041425049304962
0.1730089783668518
0.17337988317012787
0.06462382525205612
0.18560661375522614
0.08728528022766113
0.35252609848976135
0.079512819647789
0.21897771954536438
0.518108606338501
0.09907249361276627
0.1849174201488495
0.11737354844808578
0.4694903790950775
0.05273764207959175
0.16224165260791779
0.2088817059993744
0.1103617325425148
0.18061897158622742
0.06853744387626648
0.36910614371299744
0.1590070128440857
0.10883273184299469
0.35575616359710693
0.32605332136154175
0.47509828209877014
0.3441835641860962
0.20503459870815277
0.31621673703193665
0.13554702699184418
0.22263316810131073
0.24443382024765015
0.2299632728099823
0.16508738696575165
0.11124054342508316
0.11434993892908096
0.26655569672584534
0.25152388215065
0.20163071155548096
0.6196723580360413
0.7693071961402893
0.6528905034065247
0.26228246092796326
0.22821193933486938
0.47837013006210327
0.21024367213249207
0.1895821988582611
0.6803003549575806
0.2855936586856842
0.3082634508609772
0.3935694098472595
0.31646865606307983
0.4553355574607849
0.7293369770050049
0.8927013278007507
1.7582496404647827
0.6214299201965332
0.18205708265304565
0.2400532066822052
1.1663899421691895
0.42099034786224365
0.3569026291370392
0.3400220274925232
0.29872438311576843
0.28851065039634705
0.16346755623817444
0.17405259609222412
0.10763002187013626
0.1621668040752411
0.313149631023407
0.12840671837329865
0.3170521557331085
0.12018516659736633
0.0960150808095932
0.21222086250782013
0.2284633070230484
0.19034025073051453
0.3130907416343689
0.06249131262302399
0.16283056139945984
0.11768545210361481
0.23315531015396118
0.05677539482712746
0.08667703717947006
0.07001450657844543
0.10533293336629868
0.41037818789482117
0.1435224860906601
0.21305914223194122
0.1058664470911026
0.1706533282995224
0.16745994985103607
0.30972373485565186
0.2751741409301758
0.139602929353714
0.38651981949806213
0.258009672164917
0.17853252589702606
0.7576150298118591
0.33017870783805847
0.44467875361442566
0.2429216206073761
0.25224852561950684
0.7930546402931213
0.12015723437070847
0.22171564400196075
0.08340367674827576
0.14217440783977509
0.15947408974170685
0.1568654626607895
0.18531279265880585
0.10631856322288513
0.10389009863138199
0.11538293957710266
0.5138569474220276
0.46979981660842896
0.3588295578956604
0.19928200542926788
0.12903259694576263
0.1404339075088501
0.37161338329315186
0.2589801251888275
0.21352198719978333
0.47102460265159607
0.19948065280914307
0.23489733040332794
0.23325957357883453
0.8889654278755188
0.2336118370294571
0.3005644679069519
0.2690052390098572
0.42200589179992676
0.37831565737724304
0.49230822920799255
0.26703497767448425
0.43064671754837036
0.6051398515701294
0.6381857991218567
0.6372873187065125
0.7000414729118347
0.6755325198173523
0.22819219529628754
0.32856136560440063
0.3187536895275116
0.23868325352668762
0.46774038672447205
0.6643999814987183
1.8927903175354004
0.6777350902557373
0.8870459794998169
0.44659194350242615
1.229443073272705
0.24160581827163696
0.6596100926399231
0.2820500433444977
1.0277799367904663
0.30029913783073425
0.47820714116096497
0.9101775884628296
0.3906369209289551
0.7748392820358276
2.0710086822509766
1.8581687211990356
0.4653398394584656
0.43862277269363403
0.26477816700935364
2.334129571914673
2.680964708328247
1.3996795415878296
2.8936824798583984
2.436999559402466
1.962694764137268
1.4882147312164307
1.8046678304672241
2.37644362449646
2.5870440006256104
0.4557494521141052
1.8982702493667603
3.1911725997924805
1.0721691846847534
2.469770669937134
2.8669633865356445
4.306461334228516
2.4929704666137695
4.060319423675537
4.294942855834961
2.568174123764038
1.954132080078125
0.2569613754749298
1.3664045333862305
0.621051013469696
0.7453751564025879
0.7961229085922241
1.046501636505127
0.7687971591949463
0.9461010098457336
0.8544055819511414
0.6565435528755188
0.34081488847732544
2.370087146759033
1.7929832935333252
2.6974592208862305
2.1544954776763916
0.7127407193183899
2.739023447036743
0.4293484687805176
0.5450499057769775
0.7613922953605652
0.6138052940368652
1.7098865509033203
2.7459237575531006
1.5924934148788452
1.2710816860198975
1.5901405811309814
1.6643890142440796
0.4173283576965332
1.1095513105392456
0.9445379972457886
1.1567926406860352
2.4977896213531494
2.265763521194458
2.1972317695617676
1.1876369714736938
2.645744562149048
1.1978559494018555
2.4940438270568848
1.9646028280258179
0.7132638692855835
2.7470669746398926
1.179479718208313
5.747976779937744
1.2118710279464722
1.8139303922653198
6.271499156951904
2.4430153369903564
5.604976177215576
2.328185558319092
1.0356366634368896
0.25096648931503296
0.34626901149749756
0.8728640675544739
0.54753178358078
0.13832560181617737
0.1959012746810913
0.31595516204833984
0.10839244723320007
0.12181832641363144
0.264717161655426
0.3826514780521393
0.33912548422813416
1.2409988641738892
0.3677859604358673
1.0911623239517212
0.6780646443367004
0.5742436051368713
0.5018333792686462
0.25261345505714417
1.6318012475967407
1.491682529449463
0.5213579535484314
1.6398128271102905
1.303990125656128
1.2185298204421997
1.577613115310669
0.20752401649951935
0.28102409839630127
0.5762723088264465
0.6267455220222473
0.8269938230514526
0.25435179471969604
0.34633132815361023
0.3071819245815277
0.18540140986442566
0.18165430426597595
0.44227632880210876
0.24845941364765167
0.29048147797584534
0.18060146272182465
0.17963244020938873
0.14672161638736725
0.17376941442489624
0.061083681881427765
0.19143007695674896
0.19232991337776184
0.27521777153015137
0.15575847029685974
0.09524384886026382
0.25016751885414124
0.32166787981987
0.29776516556739807
0.0883389338850975
0.3016473352909088
0.19373008608818054
0.8159691095352173
0.25550803542137146
0.19684307277202606
0.17106062173843384
0.43829450011253357
0.35865268111228943
0.3447144329547882
0.7221989035606384
0.21383897960186005
0.2460576295852661
0.3053176701068878
0.3882506489753723
0.7971540689468384
1.2010622024536133
0.6872780919075012
1.2202527523040771
1.1495630741119385
1.0932286977767944
1.4424030780792236
1.6928123235702515
1.5728447437286377
0.28787121176719666
1.5608549118041992
1.9679019451141357
1.3386380672454834
1.3475041389465332
0.6224641799926758
0.8656025528907776
0.8539944887161255
1.0918121337890625
1.2465308904647827
0.6332197189331055
0.8428483605384827
2.5757040977478027
0.8841285705566406
0.9636029005050659
1.6693476438522339
0.5575211048126221
0.6155343651771545
1.6098911762237549
0.6277575492858887
0.6933113932609558
0.6733464598655701
1.04866623878479
1.673628807067871
0.6927780508995056
0.8710809350013733
1.129983901977539
0.6507908701896667
0.45297351479530334
0.5820119976997375
1.1824877262115479
2.3044230937957764
1.3470405340194702
0.5113513469696045
0.6941812038421631
2.088121175765991
0.5401490926742554
0.7791537046432495
0.5155130624771118
0.40750399231910706
1.7797285318374634
0.7159189581871033
0.3431380093097687
0.5849369764328003
0.2555203139781952
0.5990976691246033
0.7705618143081665
0.3081585466861725
1.518597960472107
0.522195041179657
0.4267786741256714
0.653454601764679
0.4606199264526367
0.289519727230072
0.32694387435913086
0.9244181513786316
0.7438551187515259
0.5848708152770996
0.7647340297698975
1.5102180242538452
0.7121546864509583
0.8068075180053711
0.5923146605491638
0.38628771901130676
0.5816217660903931
0.5976150631904602
0.587706446647644
0.392013281583786
0.3657790422439575
0.47379276156425476
0.4823763966560364
0.34842202067375183
0.40732309222221375
0.1549522876739502
0.3496299088001251
0.7068282961845398
0.6033441424369812
0.39523598551750183
0.21157288551330566
1.3595671653747559
0.23537498712539673
0.15802621841430664
1.1329820156097412
1.6260921955108643
0.660444438457489
2.340116024017334
1.5172146558761597
1.351714849472046
0.6584281921386719
0.9172717332839966
0.6520496606826782
0.1961410939693451
0.15450653433799744
2.5521719455718994
0.42837753891944885
1.169363260269165
1.1063568592071533
0.2755321264266968
0.3196268081665039
0.12170067429542542
1.9698158502578735
2.136445999145508
0.45185279846191406
3.7445569038391113
0.45888155698776245
2.5096380710601807
0.2824867069721222
3.243685007095337
2.3470969200134277
3.2312698364257812
3.164199113845825
0.5858389139175415
1.1776251792907715
0.7827736139297485
0.821075439453125
1.346200942993164
1.0404781103134155
1.1594717502593994
0.5504675507545471
0.43367427587509155
1.0574426651000977
0.5409509539604187
0.6338185667991638
0.4183117151260376
0.460600882768631
0.3933747410774231
0.3125101923942566
0.41960659623146057
0.5578988790512085
0.4654475748538971
0.32970961928367615
0.4711852967739105
1.1898175477981567
0.36185207962989807
0.47295764088630676
0.31874141097068787
0.3336700201034546
0.4306652545928955
0.3529824912548065
0.30323877930641174
0.37475088238716125
0.26588964462280273
0.24783414602279663
0.22228823602199554
0.1642034947872162
0.1705438196659088
0.43606504797935486
0.4996691942214966
0.49908438324928284
0.2820523679256439
0.3222626745700836
0.12881863117218018
0.17183201014995575
0.23966260254383087
0.157711923122406
0.1927730143070221
0.45081764459609985
0.24471203982830048
0.11981108039617538
0.30177560448646545
0.10025298595428467
0.09092047810554504
0.14603035151958466
0.15297718346118927
0.4165574610233307
0.08121420443058014
0.19755366444587708
0.21321755647659302
0.05542442575097084
0.06399345397949219
0.1128423660993576
0.0896935760974884
0.16139768064022064
0.1152016893029213
0.11646653711795807
0.14596262574195862
0.06129525974392891
0.1370106339454651
0.12559211254119873
0.10074727982282639
0.25539785623550415
0.18799461424350739
0.12629488110542297
0.2685045599937439
0.20003241300582886
0.3219982087612152
0.18958179652690887
0.23788666725158691
0.18390175700187683
0.18360821902751923
0.20328207314014435
0.29050302505493164
0.2034742385149002
0.1669873595237732
0.327910840511322
0.276521772146225
0.24598608911037445
0.27044162154197693
0.3542894423007965
0.4618784487247467
0.34827739000320435
0.3230833113193512
0.328125
0.3809756636619568
0.5847243070602417
0.8643035292625427
0.2260574847459793
1.4049772024154663
0.2847476303577423
0.47083568572998047
0.26423993706703186
1.6180813312530518
0.19911952316761017
0.5528535842895508
0.5413199663162231
0.2257155328989029
0.7277873754501343
0.11360416561365128
0.34488484263420105
0.06526744365692139
0.1440461426973343
0.051345810294151306
0.07599202543497086
0.0749097466468811
0.0796162560582161
0.29497030377388
0.06102857366204262
0.07089073210954666
0.2128928303718567
0.09289185702800751
0.3253754675388336
0.06510471552610397
0.2541040778160095
0.1894177347421646
0.16044756770133972
0.21518751978874207
0.13972994685173035
0.15736344456672668
0.3231932818889618
0.1554357409477234
0.4359571635723114
0.2247120887041092
0.21529170870780945
0.21059547364711761
0.1901940256357193
0.18317753076553345
0.458220511674881
0.39260685443878174
0.4033553898334503
0.45107823610305786
0.13541190326213837
0.23274780809879303
0.1669580191373825
0.17932462692260742
0.29503849148750305
0.2272547036409378
0.1260072886943817
0.20896902680397034
0.25673478841781616
0.19347117841243744
0.11061181873083115
0.10593324154615402
0.24440878629684448
1.241416096687317
0.161921426653862
0.13762295246124268
0.10864359885454178
0.08765685558319092
0.12815870344638824
0.10521592944860458
0.08611263334751129
0.614165186882019
0.08456304669380188
0.07863005995750427
0.048876166343688965
0.1844530999660492
0.09620541334152222
0.2818029522895813
0.12695324420928955
0.4200590252876282
0.32828977704048157
0.22903335094451904
0.20852181315422058
2.0738680362701416
0.16645628213882446
0.18176260590553284
0.1929241418838501
0.19095535576343536
0.5594907402992249
0.3060634434223175
0.5667716264724731
0.3653373122215271
1.1668410301208496
0.9429503679275513
0.18173104524612427
0.789613664150238
0.30894970893859863
0.22918915748596191
1.058394432067871
0.18601521849632263
0.49380236864089966
1.0621689558029175
0.409483939409256
1.3188374042510986
0.21546313166618347
0.7324508428573608
0.30670952796936035
0.4556020498275757
0.5523389577865601
0.7891476154327393
0.3598390817642212
0.3564382791519165
0.2164420485496521
0.5834259986877441
0.23881910741329193
0.45293936133384705
0.2078092247247696
0.21253448724746704
0.5639191269874573
2.2980740070343018
0.872218906879425
0.1969834268093109
0.17884303629398346
0.6435496211051941
1.3480684757232666
0.18816302716732025
0.6944755911827087
0.6925654411315918
1.0331476926803589
0.2070406824350357
0.23038670420646667
0.159286230802536
0.2351866215467453
0.07335122674703598
1.0478802919387817
0.26377907395362854
0.11632593721151352
0.454531192779541
0.13745462894439697
0.5880690813064575
0.8766998052597046
0.3778790235519409
0.1599423587322235
0.7184348106384277
1.1081680059432983
0.06845181435346603
0.21407952904701233
0.030111538246273994
0.08725836127996445
1.306601881980896
0.8635497093200684
0.17960238456726074
0.0845891609787941
0.03217288479208946
0.06709408015012741
0.5963752865791321
0.08991082012653351
0.19815635681152344
0.044878534972667694
0.35150691866874695
0.16494843363761902
0.10024096816778183
0.105024553835392
0.06771507859230042
0.14791721105575562
0.13844959437847137
0.9346677660942078
0.18251319229602814
0.12140709906816483
0.24546103179454803
0.07326431572437286
0.14527542889118195
0.4833427965641022
1.1410770416259766
0.1292114555835724
0.07649817317724228
0.16012269258499146
0.09841334819793701
0.08640429377555847
0.1375797539949417
0.17357242107391357
0.1061016246676445
0.057576995342969894
0.06864854693412781
0.13059058785438538
0.08206025511026382
0.093686543405056
0.04117291048169136
0.054931048303842545
0.05945442244410515
0.03893546760082245
0.0677972063422203
0.10680697858333588
0.08410996943712234
0.27382931113243103
0.1473931223154068
0.16343003511428833
0.13060002028942108
1.61149263381958
0.3817882239818573
0.45944294333457947
1.0758172273635864
0.7640267014503479
1.6950212717056274
1.4753587245941162
0.7456496357917786
0.13850128650665283
0.5281440019607544
0.29230356216430664
1.1154171228408813
0.19856226444244385
0.38358280062675476
0.6480678915977478
0.24612437188625336
0.31982752680778503
0.33607736229896545
0.1631295382976532
0.594841480255127
0.14965085685253143
0.11422941088676453
0.1768854558467865
0.1657382696866989
0.1390775591135025
0.07654242217540741
0.09389951080083847
0.38251426815986633
0.044503211975097656
0.15156129002571106
0.10416321456432343
0.05370354279875755
0.059334758669137955
0.1414211541414261
0.06562642753124237
0.058507390320301056
0.048744529485702515
0.24924053251743317
0.042423371225595474
0.05217345431447029
0.08667688071727753
0.19170568883419037
0.1339571177959442
0.09482118487358093
0.0838177427649498
0.38691583275794983
0.08540826290845871
0.14889654517173767
0.8668023347854614
0.3193921148777008
0.08456628769636154
0.0997813418507576
0.563482940196991
0.12678416073322296
1.2650511264801025
0.07683829218149185
0.5528557300567627
0.12420080602169037
0.5620046257972717
1.0036903619766235
0.2222430557012558
0.34026429057121277
0.4467565417289734
0.09818413108587265
0.10363686829805374
0.12886720895767212
0.39027243852615356
0.6876674890518188
0.47188806533813477
0.7086060643196106
1.394080638885498
0.755844235420227
1.2394930124282837
0.13973627984523773
1.0475679636001587
0.3870539367198944
0.3067554235458374
0.5514872670173645
0.425349622964859
0.16657374799251556
1.3700777292251587
0.8739064931869507
0.23342737555503845
0.21797464787960052
1.5685163736343384
2.197618246078491
0.39189931750297546
0.49502938985824585
0.4427672028541565
0.08969686180353165
0.12943829596042633
0.41440147161483765
0.08425307273864746
0.06927778571844101
0.08803193271160126
0.1251419335603714
0.12517715990543365
0.06503207236528397
0.08662693202495575
0.0660460889339447
0.12774060666561127
0.08618680387735367
0.12959188222885132
0.11330205202102661
0.09610330313444138
0.10367730259895325
0.13477522134780884
0.08418990671634674
0.13316813111305237
0.11199232935905457
0.12050139904022217
0.13908466696739197
0.10592585057020187
0.1381559520959854
0.15430833399295807
0.08680582046508789
0.09801549464464188
0.08636234700679779
0.08392006158828735
0.09670073539018631
0.08318483829498291
0.058054473251104355
0.05867256596684456
0.16651275753974915
0.11979919672012329
0.0847942978143692
0.06729047745466232
0.07265356928110123
0.11429426074028015
0.12423235177993774
0.07218585163354874
0.11536645889282227
0.15850497782230377
0.06434312462806702
0.15345510840415955
0.11857189983129501
0.082600899040699
0.1796000599861145
0.12929627299308777
0.11661262065172195
0.17047372460365295
0.1656106859445572
0.10045225918292999
