21.0
21.0
21.0
14.0
11.0
28.0
11.0
27.0
18.0
10.0
22.0
24.0
37.0
16.0
17.0
17.0
24.0
11.0
12.0
11.0
26.0
14.0
25.0
42.0
33.0
9.0
36.0
22.0
17.0
42.0
12.0
46.0
18.0
12.0
18.0
11.0
12.0
16.0
19.0
10.0
50.0
18.0
11.0
22.0
12.0
11.0
45.0
19.0
17.0
16.0
12.0
11.0
12.0
11.0
12.0
8.0
8.0
17.0
14.0
11.0
13.0
14.0
15.0
12.0
11.0
10.0
13.0
10.0
12.0
13.0
12.0
9.0
9.0
13.0
9.0
10.0
10.0
10.0
10.0
9.0
9.0
11.0
10.0
10.0
9.0
11.0
8.0
12.0
10.0
10.0
10.0
10.0
10.0
11.0
10.0
10.0
9.0
13.0
9.0
9.0
10.0
10.0
10.0
9.0
9.0
11.0
8.0
9.0
10.0
11.0
11.0
11.0
10.0
10.0
8.0
9.0
8.0
10.0
8.0
9.0
10.0
9.0
10.0
10.0
19.0
10.0
10.0
10.0
10.0
10.0
10.0
11.0
10.0
9.0
8.0
9.0
10.0
9.0
10.0
8.0
9.0
10.0
10.0
10.0
10.0
9.0
9.0
10.0
9.0
10.0
10.0
9.0
9.0
10.0
9.0
10.0
10.0
9.0
11.0
10.0
8.0
9.0
10.0
8.0
13.0
8.0
11.0
10.0
13.0
9.0
8.0
10.0
8.0
10.0
8.0
10.0
10.0
10.0
9.0
9.0
9.0
11.0
9.0
9.0
10.0
9.0
9.0
9.0
10.0
10.0
10.0
10.0
10.0
10.0
10.0
9.0
9.0
10.0
13.0
11.0
10.0
10.0
10.0
10.0
9.0
10.0
10.0
10.0
8.0
11.0
10.0
14.0
10.0
12.0
9.0
10.0
8.0
12.0
9.0
10.0
9.0
10.0
8.0
9.0
9.0
10.0
12.0
9.0
12.0
10.0
9.0
8.0
9.0
9.0
9.0
9.0
9.0
10.0
10.0
9.0
9.0
10.0
12.0
8.0
8.0
11.0
10.0
9.0
8.0
10.0
10.0
10.0
10.0
9.0
9.0
10.0
9.0
10.0
10.0
8.0
9.0
9.0
10.0
12.0
10.0
12.0
8.0
10.0
10.0
11.0
10.0
10.0
8.0
10.0
10.0
10.0
10.0
10.0
9.0
13.0
9.0
10.0
10.0
9.0
9.0
10.0
11.0
10.0
9.0
9.0
11.0
9.0
11.0
12.0
9.0
9.0
9.0
9.0
10.0
9.0
11.0
9.0
10.0
9.0
10.0
9.0
10.0
9.0
11.0
13.0
9.0
9.0
15.0
11.0
12.0
10.0
10.0
9.0
10.0
11.0
8.0
9.0
9.0
11.0
13.0
10.0
16.0
10.0
11.0
11.0
12.0
9.0
10.0
10.0
13.0
13.0
16.0
41.0
9.0
10.0
20.0
14.0
15.0
16.0
14.0
13.0
9.0
31.0
67.0
12.0
16.0
19.0
14.0
42.0
29.0
21.0
15.0
30.0
15.0
33.0
16.0
16.0
14.0
18.0
11.0
16.0
10.0
12.0
11.0
12.0
11.0
10.0
12.0
9.0
10.0
10.0
9.0
11.0
10.0
19.0
10.0
9.0
10.0
10.0
8.0
10.0
9.0
9.0
10.0
13.0
10.0
11.0
8.0
14.0
9.0
11.0
9.0
10.0
10.0
9.0
13.0
10.0
9.0
9.0
10.0
8.0
9.0
8.0
10.0
8.0
9.0
11.0
8.0
9.0
9.0
10.0
9.0
9.0
10.0
9.0
8.0
12.0
9.0
9.0
10.0
10.0
9.0
10.0
8.0
8.0
9.0
10.0
10.0
8.0
9.0
10.0
8.0
8.0
8.0
8.0
10.0
9.0
10.0
10.0
10.0
11.0
10.0
13.0
9.0
9.0
12.0
9.0
10.0
9.0
10.0
10.0
13.0
8.0
10.0
12.0
10.0
9.0
10.0
10.0
11.0
8.0
14.0
12.0
12.0
9.0
11.0
17.0
14.0
9.0
17.0
10.0
8.0
9.0
10.0
10.0
12.0
12.0
9.0
11.0
16.0
10.0
12.0
11.0
10.0
10.0
9.0
9.0
10.0
11.0
11.0
11.0
9.0
14.0
9.0
10.0
10.0
13.0
10.0
11.0
11.0
13.0
13.0
11.0
10.0
11.0
12.0
11.0
9.0
19.0
15.0
15.0
20.0
12.0
17.0
32.0
20.0
17.0
27.0
28.0
25.0
34.0
15.0
17.0
14.0
46.0
10.0
16.0
12.0
52.0
26.0
25.0
14.0
19.0
21.0
14.0
21.0
39.0
26.0
15.0
13.0
16.0
16.0
21.0
16.0
11.0
18.0
9.0
12.0
11.0
17.0
12.0
14.0
15.0
13.0
16.0
29.0
12.0
36.0
13.0
18.0
13.0
23.0
11.0
20.0
9.0
12.0
16.0
13.0
24.0
10.0
13.0
11.0
12.0
19.0
13.0
15.0
17.0
26.0
17.0
19.0
17.0
19.0
22.0
26.0
21.0
41.0
58.0
31.0
21.0
30.0
20.0
17.0
27.0
12.0
30.0
15.0
20.0
17.0
22.0
58.0
25.0
39.0
26.0
43.0
103.0
37.0
65.0
31.0
44.0
28.0
25.0
22.0
31.0
78.0
66.0
38.0
46.0
60.0
81.0
39.0
27.0
77.0
65.0
29.0
93.0
16.0
26.0
43.0
21.0
39.0
55.0
23.0
72.0
33.0
44.0
122.0
17.0
85.0
42.0
50.0
99.0
27.0
43.0
44.0
10.0
30.0
19.0
74.0
34.0
45.0
41.0
43.0
18.0
34.0
20.0
31.0
23.0
44.0
38.0
57.0
63.0
45.0
45.0
29.0
37.0
28.0
51.0
30.0
45.0
36.0
63.0
53.0
35.0
85.0
56.0
21.0
53.0
50.0
75.0
25.0
38.0
48.0
36.0
66.0
65.0
85.0
36.0
53.0
50.0
28.0
40.0
26.0
37.0
83.0
46.0
59.0
39.0
29.0
32.0
45.0
54.0
21.0
25.0
22.0
47.0
59.0
23.0
75.0
30.0
58.0
33.0
30.0
24.0
25.0
44.0
33.0
39.0
82.0
55.0
37.0
34.0
34.0
42.0
65.0
46.0
28.0
35.0
32.0
42.0
82.0
31.0
33.0
115.0
78.0
60.0
53.0
44.0
43.0
33.0
26.0
56.0
43.0
81.0
23.0
33.0
55.0
42.0
140.0
44.0
158.0
34.0
77.0
50.0
68.0
23.0
38.0
66.0
92.0
72.0
33.0
84.0
44.0
25.0
48.0
96.0
75.0
41.0
32.0
41.0
33.0
27.0
39.0
76.0
51.0
30.0
32.0
117.0
36.0
59.0
62.0
63.0
52.0
45.0
98.0
49.0
58.0
46.0
55.0
41.0
66.0
43.0
62.0
46.0
125.0
34.0
81.0
123.0
42.0
59.0
60.0
49.0
93.0
50.0
35.0
39.0
59.0
58.0
71.0
65.0
60.0
34.0
25.0
51.0
74.0
41.0
94.0
62.0
60.0
79.0
36.0
55.0
51.0
47.0
40.0
70.0
49.0
60.0
76.0
31.0
35.0
48.0
52.0
52.0
64.0
35.0
40.0
55.0
55.0
45.0
55.0
39.0
47.0
60.0
57.0
55.0
53.0
45.0
69.0
61.0
65.0
81.0
60.0
68.0
69.0
43.0
44.0
33.0
103.0
115.0
36.0
51.0
41.0
46.0
68.0
56.0
57.0
29.0
46.0
72.0
94.0
35.0
43.0
59.0
44.0
68.0
41.0
42.0
40.0
46.0
44.0
49.0
71.0
53.0
47.0
99.0
48.0
36.0
61.0
60.0
31.0
62.0
65.0
67.0
59.0
76.0
75.0
95.0
55.0
107.0
47.0
74.0
28.0
39.0
68.0
55.0
68.0
21.0
41.0
91.0
91.0
43.0
64.0
43.0
56.0
46.0
60.0
28.0
46.0
56.0
37.0
28.0
72.0
51.0
33.0
47.0
73.0
47.0
57.0
107.0
91.0
71.0
53.0
73.0
107.0
53.0
77.0
42.0
58.0
74.0
41.0
108.0
59.0
47.0
156.0
83.0
47.0
75.0
65.0
83.0
48.0
104.0
36.0
52.0
170.0
63.0
61.0
64.0
49.0
64.0
58.0
42.0
52.0
49.0
54.0
103.0
65.0
58.0
58.0
43.0
39.0
132.0
60.0
131.0
89.0
60.0
42.0
42.0
53.0
78.0
46.0
80.0
92.0
45.0
74.0
36.0
61.0
32.0
69.0
115.0
122.0
68.0
56.0
59.0
92.0
47.0
151.0
65.0
45.0
98.0
37.0
53.0
70.0
89.0
51.0
88.0
67.0
85.0
84.0
61.0
72.0
61.0
106.0
69.0
86.0
68.0
97.0
102.0
85.0
74.0
57.0
59.0
77.0
67.0
273.0
65.0
190.0
94.0
78.0
110.0
74.0
77.0
94.0
78.0
146.0
131.0
112.0
59.0
123.0
71.0
90.0
141.0
75.0
175.0
90.0
173.0
84.0
113.0
175.0
181.0
142.0
77.0
79.0
141.0
152.0
52.0
151.0
112.0
252.0
174.0
75.0
221.0
131.0
132.0
230.0
124.0
170.0
86.0
109.0
53.0
92.0
98.0
64.0
124.0
100.0
155.0
141.0
158.0
105.0
137.0
110.0
119.0
171.0
68.0
66.0
110.0
85.0
198.0
101.0
126.0
157.0
140.0
124.0
176.0
168.0
85.0
202.0
100.0
115.0
132.0
91.0
189.0
178.0
137.0
141.0
110.0
244.0
179.0
195.0
84.0
186.0
117.0
94.0
142.0
139.0
118.0
97.0
124.0
183.0
146.0
193.0
118.0
122.0
181.0
111.0
179.0
165.0
98.0
112.0
172.0
169.0
205.0
76.0
156.0
179.0
196.0
123.0
245.0
279.0
97.0
192.0
126.0
185.0
150.0
184.0
139.0
224.0
179.0
179.0
107.0
108.0
193.0
94.0
101.0
135.0
147.0
143.0
123.0
208.0
172.0
143.0
208.0
284.0
205.0
199.0
132.0
218.0
143.0
221.0
138.0
133.0
276.0
134.0
132.0
147.0
145.0
130.0
213.0
237.0
138.0
125.0
124.0
111.0
118.0
134.0
122.0
143.0
83.0
113.0
125.0
97.0
112.0
105.0
134.0
90.0
160.0
126.0
89.0
164.0
56.0
135.0
40.0
50.0
62.0
91.0
62.0
37.0
74.0
128.0
41.0
64.0
53.0
54.0
81.0
57.0
67.0
55.0
46.0
79.0
43.0
42.0
27.0
46.0
34.0
36.0
67.0
45.0
37.0
47.0
68.0
51.0
32.0
67.0
53.0
36.0
29.0
37.0
52.0
47.0
58.0
56.0
39.0
44.0
55.0
44.0
68.0
53.0
51.0
58.0
61.0
54.0
61.0
54.0
78.0
51.0
38.0
61.0
47.0
42.0
82.0
45.0
46.0
114.0
50.0
66.0
83.0
52.0
67.0
84.0
50.0
62.0
114.0
42.0
84.0
167.0
54.0
65.0
40.0
71.0
66.0
80.0
84.0
109.0
81.0
63.0
99.0
132.0
62.0
48.0
158.0
54.0
83.0
108.0
138.0
88.0
88.0
135.0
99.0
135.0
98.0
83.0
84.0
142.0
65.0
119.0
67.0
62.0
83.0
122.0
127.0
91.0
149.0
130.0
183.0
132.0
127.0
134.0
160.0
244.0
81.0
133.0
107.0
152.0
229.0
108.0
224.0
216.0
169.0
104.0
149.0
195.0
185.0
183.0
212.0
83.0
133.0
223.0
81.0
143.0
132.0
151.0
221.0
199.0
149.0
115.0
171.0
159.0
343.0
142.0
162.0
129.0
136.0
249.0
184.0
182.0
141.0
156.0
150.0
142.0
179.0
167.0
146.0
328.0
228.0
171.0
178.0
222.0
160.0
190.0
232.0
302.0
184.0
282.0
183.0
263.0
134.0
142.0
206.0
107.0
149.0
189.0
184.0
183.0
152.0
195.0
215.0
156.0
199.0
220.0
135.0
150.0
300.0
162.0
206.0
237.0
182.0
135.0
217.0
191.0
123.0
114.0
165.0
181.0
130.0
155.0
110.0
63.0
198.0
76.0
80.0
115.0
82.0
84.0
86.0
110.0
112.0
86.0
117.0
74.0
111.0
98.0
72.0
75.0
49.0
78.0
66.0
77.0
64.0
77.0
66.0
80.0
52.0
97.0
98.0
54.0
46.0
91.0
50.0
63.0
73.0
91.0
71.0
51.0
58.0
90.0
86.0
42.0
57.0
70.0
25.0
66.0
85.0
62.0
74.0
55.0
58.0
41.0
65.0
33.0
40.0
87.0
39.0
66.0
56.0
103.0
43.0
59.0
63.0
34.0
32.0
66.0
39.0
42.0
55.0
57.0
93.0
57.0
40.0
52.0
29.0
49.0
45.0
50.0
40.0
35.0
65.0
66.0
72.0
52.0
65.0
55.0
66.0
55.0
36.0
43.0
76.0
82.0
63.0
74.0
77.0
45.0
101.0
50.0
54.0
85.0
51.0
62.0
54.0
96.0
54.0
93.0
58.0
78.0
48.0
56.0
84.0
95.0
77.0
77.0
67.0
69.0
71.0
52.0
85.0
72.0
46.0
39.0
99.0
44.0
87.0
51.0
74.0
51.0
48.0
126.0
54.0
47.0
82.0
109.0
115.0
55.0
76.0
52.0
48.0
58.0
89.0
59.0
70.0
52.0
76.0
60.0
48.0
94.0
96.0
146.0
66.0
65.0
103.0
102.0
77.0
80.0
82.0
72.0
56.0
45.0
55.0
63.0
55.0
47.0
51.0
93.0
84.0
76.0
48.0
63.0
75.0
86.0
86.0
92.0
81.0
138.0
64.0
52.0
129.0
60.0
111.0
78.0
68.0
94.0
86.0
60.0
76.0
136.0
71.0
72.0
136.0
87.0
90.0
64.0
85.0
74.0
143.0
88.0
60.0
61.0
64.0
55.0
94.0
80.0
82.0
67.0
90.0
99.0
69.0
52.0
79.0
64.0
67.0
87.0
64.0
108.0
68.0
77.0
58.0
44.0
82.0
47.0
52.0
67.0
63.0
52.0
102.0
40.0
62.0
63.0
45.0
52.0
65.0
51.0
60.0
44.0
53.0
37.0
44.0
115.0
71.0
62.0
59.0
40.0
50.0
71.0
64.0
62.0
50.0
45.0
58.0
63.0
54.0
58.0
34.0
52.0
55.0
39.0
81.0
57.0
47.0
44.0
36.0
50.0
69.0
35.0
51.0
74.0
54.0
56.0
79.0
63.0
51.0
94.0
52.0
74.0
81.0
70.0
52.0
54.0
95.0
41.0
75.0
57.0
63.0
48.0
78.0
81.0
93.0
45.0
78.0
43.0
84.0
72.0
77.0
83.0
50.0
49.0
65.0
108.0
113.0
39.0
68.0
71.0
54.0
79.0
47.0
107.0
64.0
72.0
83.0
103.0
86.0
56.0
49.0
81.0
66.0
44.0
98.0
48.0
46.0
93.0
117.0
38.0
46.0
72.0
67.0
56.0
53.0
52.0
71.0
46.0
63.0
68.0
89.0
62.0
62.0
47.0
49.0
81.0
64.0
47.0
118.0
74.0
55.0
61.0
55.0
67.0
69.0
89.0
61.0
78.0
64.0
77.0
76.0
82.0
95.0
53.0
52.0
59.0
91.0
46.0
45.0
44.0
57.0
80.0
79.0
76.0
33.0
59.0
60.0
68.0
55.0
44.0
68.0
72.0
47.0
49.0
81.0
52.0
63.0
52.0
57.0
55.0
54.0
64.0
90.0
45.0
57.0
68.0
33.0
34.0
63.0
98.0
76.0
80.0
62.0
36.0
48.0
62.0
73.0
46.0
40.0
83.0
57.0
44.0
66.0
52.0
55.0
72.0
34.0
49.0
38.0
56.0
110.0
114.0
54.0
67.0
48.0
30.0
86.0
94.0
52.0
43.0
97.0
59.0
51.0
53.0
49.0
49.0
88.0
51.0
57.0
87.0
46.0
58.0
82.0
75.0
56.0
52.0
43.0
59.0
66.0
63.0
64.0
71.0
73.0
59.0
93.0
43.0
79.0
61.0
53.0
84.0
70.0
82.0
40.0
39.0
58.0
57.0
56.0
65.0
51.0
51.0
52.0
46.0
58.0
62.0
56.0
59.0
91.0
66.0
56.0
53.0
34.0
51.0
84.0
76.0
78.0
79.0
80.0
99.0
63.0
74.0
65.0
62.0
46.0
50.0
99.0
77.0
74.0
60.0
105.0
50.0
107.0
79.0
69.0
81.0
124.0
61.0
62.0
45.0
67.0
155.0
72.0
57.0
89.0
40.0
63.0
88.0
62.0
52.0
62.0
67.0
85.0
76.0
53.0
52.0
77.0
75.0
125.0
56.0
53.0
130.0
90.0
68.0
52.0
41.0
58.0
52.0
40.0
45.0
88.0
36.0
89.0
55.0
58.0
41.0
47.0
50.0
53.0
56.0
46.0
47.0
53.0
60.0
37.0
46.0
41.0
53.0
40.0
55.0
56.0
66.0
50.0
44.0
66.0
53.0
71.0
82.0
75.0
56.0
83.0
64.0
62.0
71.0
54.0
73.0
33.0
130.0
47.0
50.0
52.0
58.0
58.0
85.0
60.0
90.0
68.0
55.0
37.0
49.0
67.0
62.0
47.0
57.0
90.0
56.0
52.0
59.0
97.0
74.0
39.0
86.0
91.0
39.0
65.0
77.0
79.0
37.0
58.0
60.0
49.0
45.0
77.0
48.0
54.0
57.0
66.0
60.0
56.0
62.0
52.0
59.0
43.0
64.0
61.0
76.0
46.0
41.0
47.0
52.0
81.0
52.0
65.0
69.0
60.0
65.0
38.0
40.0
38.0
93.0
45.0
52.0
51.0
55.0
72.0
61.0
37.0
78.0
63.0
65.0
71.0
46.0
43.0
89.0
49.0
65.0
52.0
40.0
70.0
50.0
83.0
44.0
88.0
77.0
64.0
69.0
38.0
59.0
47.0
82.0
59.0
34.0
79.0
46.0
47.0
53.0
41.0
65.0
50.0
44.0
39.0
74.0
46.0
62.0
56.0
107.0
58.0
89.0
59.0
116.0
49.0
105.0
83.0
57.0
64.0
69.0
64.0
68.0
49.0
112.0
67.0
42.0
133.0
101.0
54.0
64.0
71.0
65.0
108.0
85.0
43.0
90.0
64.0
50.0
69.0
54.0
72.0
71.0
50.0
49.0
59.0
57.0
57.0
82.0
80.0
74.0
73.0
56.0
39.0
46.0
55.0
47.0
55.0
69.0
64.0
48.0
77.0
47.0
52.0
93.0
52.0
112.0
60.0
54.0
33.0
93.0
92.0
43.0
63.0
56.0
59.0
48.0
42.0
65.0
37.0
52.0
45.0
64.0
57.0
50.0
48.0
51.0
37.0
57.0
68.0
46.0
71.0
68.0
60.0
53.0
63.0
74.0
62.0
58.0
43.0
78.0
62.0
56.0
85.0
88.0
47.0
93.0
71.0
46.0
48.0
55.0
74.0
100.0
63.0
101.0
91.0
52.0
84.0
58.0
49.0
95.0
36.0
82.0
51.0
74.0
64.0
68.0
80.0
52.0
58.0
101.0
41.0
82.0
41.0
73.0
53.0
60.0
54.0
88.0
53.0
50.0
53.0
68.0
60.0
41.0
40.0
40.0
67.0
86.0
39.0
50.0
59.0
77.0
62.0
72.0
44.0
56.0
37.0
35.0
55.0
53.0
98.0
32.0
54.0
49.0
58.0
44.0
36.0
44.0
63.0
54.0
102.0
43.0
68.0
77.0
55.0
92.0
69.0
40.0
41.0
55.0
78.0
65.0
53.0
109.0
99.0
44.0
49.0
116.0
58.0
54.0
128.0
45.0
64.0
45.0
53.0
49.0
90.0
81.0
58.0
87.0
78.0
60.0
63.0
69.0
77.0
61.0
46.0
61.0
78.0
78.0
58.0
57.0
54.0
106.0
51.0
148.0
58.0
68.0
47.0
53.0
72.0
70.0
48.0
81.0
90.0
63.0
60.0
73.0
50.0
114.0
97.0
61.0
96.0
78.0
64.0
47.0
148.0
107.0
100.0
68.0
73.0
75.0
52.0
84.0
76.0
59.0
79.0
46.0
45.0
71.0
38.0
35.0
90.0
72.0
55.0
58.0
59.0
82.0
64.0
182.0
53.0
65.0
75.0
107.0
59.0
64.0
83.0
49.0
81.0
57.0
88.0
99.0
50.0
68.0
122.0
62.0
117.0
73.0
61.0
50.0
50.0
36.0
143.0
102.0
55.0
72.0
68.0
133.0
123.0
83.0
50.0
42.0
117.0
81.0
89.0
48.0
63.0
43.0
63.0
65.0
67.0
58.0
68.0
70.0
39.0
64.0
66.0
53.0
95.0
46.0
81.0
79.0
83.0
58.0
58.0
77.0
74.0
53.0
43.0
61.0
114.0
83.0
57.0
13.0
15.0
41.0
25.0
14.0
75.0
14.0
24.0
39.0
13.0
10.0
12.0
27.0
11.0
12.0
15.0
23.0
17.0
13.0
14.0
16.0
8.0
11.0
15.0
12.0
17.0
15.0
8.0
10.0
9.0
12.0
12.0
16.0
11.0
10.0
11.0
10.0
12.0
11.0
11.0
10.0
10.0
9.0
9.0
10.0
8.0
9.0
9.0
9.0
10.0
9.0
11.0
9.0
10.0
10.0
9.0
10.0
10.0
9.0
8.0
9.0
10.0
8.0
10.0
10.0
10.0
9.0
10.0
10.0
10.0
9.0
10.0
9.0
8.0
9.0
9.0
10.0
8.0
10.0
9.0
9.0
10.0
9.0
10.0
9.0
8.0
10.0
9.0
10.0
10.0
11.0
8.0
8.0
9.0
10.0
10.0
10.0
10.0
10.0
10.0
9.0
10.0
8.0
9.0
10.0
9.0
9.0
10.0
9.0
9.0
8.0
9.0
10.0
10.0
8.0
10.0
9.0
10.0
10.0
9.0
10.0
9.0
10.0
9.0
11.0
10.0
10.0
10.0
9.0
9.0
10.0
9.0
10.0
9.0
10.0
10.0
9.0
11.0
9.0
9.0
9.0
10.0
10.0
10.0
10.0
9.0
10.0
8.0
9.0
11.0
8.0
9.0
9.0
9.0
9.0
10.0
9.0
10.0
8.0
9.0
9.0
9.0
9.0
10.0
9.0
10.0
8.0
10.0
10.0
9.0
9.0
10.0
10.0
10.0
9.0
9.0
10.0
9.0
9.0
10.0
10.0
10.0
10.0
11.0
9.0
9.0
11.0
10.0
9.0
10.0
9.0
11.0
10.0
9.0
9.0
9.0
9.0
8.0
8.0
10.0
9.0
9.0
10.0
10.0
8.0
12.0
9.0
10.0
9.0
12.0
9.0
8.0
9.0
10.0
10.0
9.0
11.0
9.0
11.0
10.0
13.0
14.0
23.0
17.0
16.0
13.0
11.0
11.0
12.0
39.0
18.0
24.0
21.0
13.0
28.0
11.0
18.0
19.0
12.0
34.0
15.0
9.0
12.0
13.0
19.0
26.0
49.0
16.0
11.0
12.0
12.0
10.0
14.0
13.0
14.0
17.0
12.0
15.0
12.0
19.0
16.0
20.0
10.0
27.0
13.0
25.0
9.0
12.0
21.0
19.0
24.0
48.0
15.0
32.0
18.0
16.0
62.0
11.0
14.0
9.0
25.0
15.0
27.0
11.0
30.0
14.0
28.0
15.0
18.0
17.0
11.0
12.0
10.0
10.0
26.0
19.0
12.0
10.0
19.0
21.0
14.0
21.0
16.0
20.0
16.0
15.0
14.0
27.0
25.0
24.0
31.0
10.0
15.0
14.0
93.0
19.0
19.0
68.0
28.0
38.0
33.0
42.0
58.0
17.0
29.0
27.0
15.0
24.0
38.0
15.0
37.0
38.0
24.0
31.0
65.0
16.0
26.0
24.0
83.0
28.0
60.0
76.0
28.0
58.0
21.0
68.0
26.0
23.0
26.0
32.0
20.0
47.0
29.0
33.0
29.0
25.0
31.0
98.0
58.0
55.0
64.0
29.0
33.0
18.0
55.0
49.0
71.0
60.0
40.0
34.0
32.0
57.0
66.0
27.0
25.0
41.0
41.0
34.0
39.0
35.0
36.0
55.0
43.0
65.0
69.0
68.0
54.0
58.0
47.0
45.0
48.0
54.0
28.0
52.0
87.0
53.0
48.0
68.0
40.0
58.0
68.0
49.0
102.0
70.0
46.0
75.0
37.0
61.0
51.0
103.0
88.0
61.0
60.0
119.0
63.0
71.0
65.0
106.0
43.0
88.0
73.0
73.0
55.0
64.0
90.0
71.0
135.0
80.0
49.0
81.0
88.0
77.0
77.0
77.0
115.0
79.0
94.0
95.0
74.0
119.0
46.0
81.0
82.0
74.0
74.0
57.0
68.0
208.0
91.0
134.0
56.0
86.0
116.0
178.0
82.0
93.0
118.0
125.0
167.0
182.0
123.0
201.0
183.0
108.0
79.0
136.0
143.0
192.0
140.0
90.0
140.0
172.0
194.0
105.0
224.0
243.0
145.0
175.0
126.0
107.0
102.0
116.0
133.0
109.0
88.0
88.0
88.0
148.0
121.0
232.0
127.0
204.0
160.0
198.0
317.0
135.0
156.0
151.0
190.0
197.0
203.0
118.0
146.0
106.0
188.0
170.0
139.0
171.0
113.0
133.0
141.0
185.0
166.0
118.0
268.0
155.0
162.0
338.0
132.0
225.0
160.0
206.0
84.0
156.0
94.0
145.0
128.0
196.0
128.0
118.0
145.0
129.0
77.0
123.0
235.0
158.0
81.0
146.0
175.0
148.0
60.0
83.0
75.0
200.0
105.0
61.0
121.0
81.0
146.0
92.0
77.0
97.0
53.0
68.0
79.0
65.0
72.0
54.0
108.0
46.0
85.0
74.0
53.0
74.0
67.0
48.0
103.0
56.0
45.0
56.0
41.0
47.0
101.0
70.0
74.0
33.0
99.0
95.0
54.0
36.0
44.0
96.0
50.0
53.0
81.0
52.0
52.0
67.0
35.0
45.0
36.0
36.0
54.0
61.0
34.0
51.0
70.0
49.0
56.0
47.0
57.0
34.0
37.0
58.0
38.0
47.0
38.0
40.0
32.0
33.0
36.0
44.0
32.0
44.0
67.0
36.0
37.0
33.0
55.0
39.0
55.0
47.0
46.0
48.0
47.0
33.0
33.0
70.0
41.0
59.0
35.0
119.0
54.0
62.0
53.0
38.0
59.0
46.0
51.0
160.0
52.0
51.0
52.0
32.0
67.0
34.0
56.0
45.0
37.0
69.0
40.0
51.0
53.0
63.0
41.0
38.0
61.0
35.0
146.0
61.0
37.0
44.0
37.0
35.0
71.0
90.0
60.0
160.0
43.0
53.0
53.0
71.0
41.0
42.0
54.0
46.0
55.0
48.0
74.0
35.0
32.0
80.0
50.0
67.0
41.0
49.0
45.0
37.0
43.0
30.0
64.0
37.0
52.0
67.0
51.0
84.0
44.0
56.0
38.0
58.0
83.0
39.0
63.0
44.0
53.0
55.0
61.0
60.0
142.0
53.0
45.0
52.0
43.0
52.0
43.0
39.0
49.0
32.0
115.0
83.0
116.0
64.0
40.0
45.0
59.0
112.0
51.0
57.0
58.0
65.0
43.0
91.0
92.0
49.0
45.0
32.0
45.0
56.0
46.0
121.0
45.0
171.0
47.0
112.0
53.0
41.0
69.0
58.0
59.0
54.0
45.0
43.0
45.0
71.0
72.0
75.0
50.0
66.0
51.0
41.0
43.0
70.0
155.0
49.0
135.0
54.0
84.0
213.0
155.0
53.0
51.0
41.0
68.0
66.0
160.0
46.0
110.0
51.0
58.0
75.0
41.0
51.0
55.0
48.0
68.0
52.0
41.0
174.0
100.0
103.0
52.0
57.0
68.0
79.0
66.0
94.0
201.0
63.0
217.0
49.0
63.0
92.0
201.0
134.0
77.0
183.0
152.0
68.0
52.0
127.0
104.0
75.0
87.0
89.0
125.0
65.0
55.0
198.0
170.0
247.0
84.0
113.0
110.0
72.0
128.0
104.0
191.0
136.0
60.0
157.0
197.0
81.0
292.0
288.0
122.0
107.0
200.0
66.0
166.0
127.0
161.0
100.0
187.0
68.0
98.0
73.0
106.0
99.0
73.0
109.0
118.0
80.0
97.0
86.0
43.0
112.0
94.0
71.0
74.0
68.0
43.0
121.0
54.0
69.0
54.0
53.0
95.0
74.0
49.0
57.0
63.0
58.0
61.0
52.0
50.0
114.0
60.0
82.0
77.0
63.0
61.0
116.0
45.0
113.0
74.0
73.0
76.0
48.0
51.0
63.0
114.0
59.0
46.0
75.0
65.0
68.0
69.0
73.0
82.0
89.0
75.0
51.0
71.0
73.0
63.0
164.0
74.0
94.0
58.0
70.0
74.0
77.0
56.0
59.0
82.0
57.0
133.0
110.0
72.0
60.0
53.0
58.0
44.0
49.0
50.0
83.0
59.0
78.0
48.0
51.0
45.0
34.0
83.0
59.0
119.0
53.0
47.0
57.0
90.0
67.0
107.0
52.0
48.0
45.0
117.0
69.0
38.0
77.0
76.0
50.0
50.0
51.0
79.0
66.0
64.0
48.0
55.0
77.0
52.0
69.0
53.0
53.0
150.0
39.0
62.0
61.0
36.0
48.0
46.0
35.0
59.0
44.0
46.0
99.0
55.0
36.0
36.0
54.0
95.0
48.0
54.0
45.0
54.0
42.0
51.0
70.0
39.0
66.0
42.0
59.0
43.0
48.0
58.0
94.0
71.0
65.0
54.0
46.0
108.0
51.0
39.0
89.0
50.0
43.0
82.0
78.0
50.0
56.0
61.0
47.0
54.0
52.0
126.0
56.0
35.0
42.0
56.0
60.0
39.0
50.0
40.0
52.0
38.0
38.0
43.0
101.0
43.0
81.0
50.0
71.0
185.0
44.0
58.0
46.0
60.0
47.0
35.0
53.0
44.0
74.0
55.0
57.0
47.0
104.0
57.0
41.0
52.0
40.0
66.0
46.0
42.0
58.0
111.0
48.0
78.0
54.0
70.0
62.0
42.0
44.0
44.0
97.0
57.0
68.0
39.0
94.0
43.0
61.0
78.0
48.0
56.0
41.0
58.0
52.0
54.0
56.0
58.0
104.0
56.0
56.0
62.0
51.0
37.0
49.0
171.0
44.0
46.0
48.0
41.0
54.0
61.0
54.0
42.0
64.0
195.0
69.0
40.0
56.0
58.0
74.0
53.0
50.0
106.0
138.0
42.0
57.0
67.0
50.0
56.0
63.0
66.0
66.0
93.0
80.0
60.0
43.0
64.0
47.0
50.0
69.0
144.0
40.0
45.0
46.0
55.0
53.0
40.0
52.0
177.0
45.0
78.0
75.0
44.0
63.0
44.0
66.0
121.0
46.0
54.0
46.0
63.0
62.0
105.0
82.0
67.0
84.0
65.0
66.0
47.0
94.0
105.0
137.0
48.0
61.0
53.0
56.0
55.0
64.0
56.0
54.0
69.0
49.0
75.0
72.0
50.0
81.0
58.0
60.0
62.0
50.0
90.0
53.0
119.0
84.0
94.0
79.0
61.0
88.0
64.0
48.0
51.0
61.0
63.0
66.0
65.0
132.0
127.0
57.0
69.0
50.0
51.0
109.0
56.0
67.0
50.0
79.0
105.0
49.0
65.0
51.0
72.0
59.0
75.0
87.0
76.0
50.0
68.0
90.0
59.0
49.0
102.0
88.0
114.0
86.0
91.0
165.0
67.0
84.0
90.0
72.0
85.0
225.0
65.0
63.0
85.0
127.0
86.0
143.0
119.0
121.0
105.0
64.0
63.0
105.0
113.0
101.0
164.0
111.0
181.0
82.0
69.0
85.0
93.0
67.0
72.0
113.0
141.0
75.0
72.0
59.0
140.0
80.0
143.0
194.0
169.0
68.0
113.0
88.0
77.0
176.0
174.0
95.0
104.0
155.0
87.0
68.0
51.0
90.0
76.0
96.0
75.0
126.0
126.0
250.0
105.0
77.0
104.0
100.0
66.0
260.0
143.0
162.0
72.0
116.0
93.0
98.0
60.0
132.0
126.0
336.0
81.0
96.0
56.0
82.0
105.0
94.0
72.0
312.0
131.0
273.0
99.0
108.0
112.0
124.0
302.0
84.0
65.0
112.0
107.0
472.0
85.0
169.0
62.0
190.0
66.0
74.0
92.0
90.0
72.0
72.0
121.0
78.0
61.0
83.0
203.0
147.0
193.0
80.0
67.0
76.0
82.0
77.0
163.0
72.0
75.0
64.0
67.0
75.0
83.0
89.0
67.0
79.0
160.0
101.0
59.0
101.0
129.0
96.0
102.0
77.0
105.0
90.0
125.0
72.0
113.0
66.0
73.0
72.0
97.0
102.0
152.0
79.0
139.0
72.0
105.0
84.0
119.0
63.0
79.0
96.0
62.0
68.0
150.0
91.0
79.0
57.0
105.0
117.0
92.0
96.0
98.0
133.0
76.0
128.0
147.0
84.0
137.0
208.0
98.0
111.0
275.0
88.0
104.0
105.0
101.0
99.0
91.0
94.0
66.0
187.0
175.0
70.0
64.0
135.0
85.0
128.0
65.0
67.0
65.0
126.0
76.0
79.0
82.0
142.0
82.0
88.0
162.0
134.0
114.0
209.0
102.0
116.0
153.0
219.0
83.0
156.0
73.0
79.0
71.0
72.0
73.0
135.0
95.0
84.0
94.0
139.0
78.0
248.0
122.0
60.0
95.0
135.0
205.0
64.0
74.0
179.0
78.0
299.0
64.0
97.0
65.0
61.0
261.0
76.0
60.0
69.0
62.0
62.0
381.0
80.0
82.0
110.0
152.0
111.0
104.0
70.0
82.0
151.0
142.0
64.0
107.0
60.0
87.0
247.0
207.0
100.0
69.0
78.0
79.0
216.0
150.0
88.0
75.0
201.0
88.0
103.0
161.0
98.0
94.0
76.0
80.0
263.0
243.0
197.0
127.0
107.0
87.0
140.0
214.0
109.0
71.0
83.0
182.0
200.0
97.0
61.0
134.0
245.0
87.0
69.0
115.0
245.0
85.0
151.0
77.0
116.0
74.0
74.0
89.0
101.0
70.0
70.0
226.0
105.0
79.0
136.0
104.0
98.0
107.0
65.0
108.0
82.0
124.0
69.0
179.0
209.0
71.0
130.0
71.0
112.0
89.0
71.0
75.0
149.0
71.0
184.0
203.0
70.0
101.0
82.0
87.0
67.0
79.0
77.0
86.0
100.0
181.0
153.0
192.0
73.0
196.0
111.0
114.0
270.0
113.0
133.0
89.0
128.0
252.0
111.0
69.0
128.0
297.0
88.0
108.0
169.0
258.0
276.0
330.0
107.0
133.0
82.0
148.0
88.0
100.0
72.0
179.0
137.0
195.0
144.0
332.0
427.0
175.0
77.0
435.0
149.0
236.0
125.0
114.0
99.0
66.0
109.0
104.0
77.0
89.0
122.0
195.0
89.0
153.0
167.0
109.0
89.0
134.0
148.0
83.0
375.0
83.0
162.0
124.0
189.0
321.0
77.0
473.0
102.0
186.0
163.0
327.0
106.0
125.0
112.0
79.0
73.0
187.0
99.0
142.0
69.0
91.0
109.0
75.0
155.0
515.0
199.0
92.0
95.0
183.0
250.0
103.0
353.0
64.0
107.0
81.0
142.0
282.0
189.0
243.0
361.0
158.0
133.0
127.0
100.0
78.0
116.0
206.0
192.0
117.0
198.0
67.0
152.0
87.0
139.0
127.0
242.0
84.0
419.0
218.0
280.0
128.0
85.0
117.0
402.0
201.0
181.0
193.0
118.0
122.0
142.0
239.0
69.0
130.0
203.0
81.0
260.0
99.0
181.0
229.0
507.0
112.0
294.0
242.0
223.0
137.0
249.0
94.0
260.0
217.0
296.0
151.0
131.0
165.0
111.0
162.0
172.0
138.0
96.0
145.0
156.0
214.0
264.0
283.0
172.0
171.0
105.0
264.0
148.0
83.0
289.0
168.0
161.0
298.0
123.0
116.0
169.0
84.0
319.0
213.0
74.0
98.0
112.0
153.0
192.0
112.0
173.0
363.0
228.0
145.0
138.0
159.0
146.0
86.0
168.0
482.0
99.0
98.0
180.0
169.0
146.0
289.0
198.0
301.0
550.0
269.0
329.0
390.0
465.0
171.0
148.0
143.0
217.0
107.0
197.0
133.0
123.0
167.0
116.0
123.0
103.0
276.0
119.0
110.0
184.0
82.0
89.0
116.0
173.0
175.0
106.0
119.0
101.0
124.0
117.0
97.0
124.0
107.0
74.0
106.0
116.0
127.0
89.0
142.0
130.0
83.0
93.0
102.0
106.0
431.0
98.0
114.0
95.0
108.0
107.0
97.0
106.0
110.0
104.0
311.0
160.0
186.0
132.0
203.0
247.0
259.0
155.0
112.0
195.0
108.0
230.0
103.0
150.0
751.0
101.0
165.0
70.0
75.0
138.0
127.0
139.0
109.0
519.0
111.0
180.0
82.0
533.0
139.0
80.0
175.0
116.0
119.0
135.0
198.0
124.0
104.0
97.0
178.0
165.0
162.0
207.0
132.0
107.0
120.0
548.0
83.0
112.0
179.0
149.0
397.0
156.0
261.0
237.0
195.0
145.0
242.0
87.0
234.0
237.0
132.0
375.0
307.0
102.0
121.0
90.0
231.0
74.0
99.0
263.0
91.0
107.0
158.0
359.0
148.0
94.0
74.0
97.0
133.0
112.0
74.0
147.0
100.0
145.0
125.0
114.0
120.0
213.0
117.0
114.0
293.0
87.0
416.0
80.0
116.0
119.0
130.0
286.0
140.0
249.0
118.0
98.0
145.0
82.0
100.0
129.0
115.0
96.0
217.0
221.0
135.0
164.0
291.0
192.0
179.0
265.0
329.0
320.0
144.0
472.0
212.0
285.0
74.0
182.0
139.0
113.0
179.0
198.0
143.0
495.0
117.0
182.0
214.0
483.0
340.0
587.0
122.0
220.0
158.0
75.0
344.0
340.0
275.0
115.0
105.0
205.0
183.0
110.0
130.0
88.0
150.0
310.0
128.0
140.0
115.0
125.0
123.0
176.0
227.0
310.0
131.0
73.0
69.0
132.0
222.0
92.0
143.0
142.0
152.0
143.0
164.0
241.0
284.0
162.0
209.0
143.0
160.0
102.0
258.0
185.0
154.0
305.0
169.0
122.0
190.0
194.0
123.0
251.0
164.0
435.0
112.0
86.0
162.0
154.0
378.0
92.0
109.0
360.0
277.0
274.0
492.0
108.0
442.0
286.0
128.0
194.0
136.0
183.0
265.0
144.0
154.0
138.0
139.0
166.0
196.0
137.0
309.0
218.0
167.0
136.0
325.0
160.0
198.0
154.0
299.0
92.0
186.0
133.0
197.0
294.0
211.0
221.0
191.0
476.0
233.0
134.0
197.0
370.0
344.0
114.0
171.0
198.0
242.0
218.0
154.0
293.0
300.0
203.0
169.0
136.0
146.0
304.0
240.0
156.0
109.0
273.0
135.0
167.0
172.0
100.0
163.0
106.0
129.0
109.0
173.0
228.0
177.0
288.0
143.0
230.0
105.0
130.0
203.0
284.0
212.0
150.0
201.0
108.0
304.0
282.0
188.0
609.0
151.0
338.0
303.0
85.0
444.0
188.0
190.0
289.0
160.0
211.0
252.0
94.0
151.0
163.0
610.0
155.0
310.0
190.0
310.0
444.0
175.0
179.0
652.0
168.0
164.0
409.0
113.0
148.0
233.0
147.0
155.0
147.0
137.0
184.0
190.0
134.0
153.0
139.0
280.0
239.0
202.0
326.0
315.0
169.0
205.0
159.0
114.0
196.0
172.0
301.0
160.0
378.0
183.0
215.0
156.0
174.0
237.0
297.0
105.0
228.0
216.0
163.0
667.0
275.0
181.0
173.0
417.0
297.0
171.0
318.0
162.0
313.0
177.0
434.0
263.0
219.0
172.0
479.0
217.0
341.0
113.0
318.0
235.0
382.0
325.0
191.0
468.0
180.0
148.0
167.0
100.0
164.0
245.0
313.0
212.0
459.0
361.0
109.0
313.0
604.0
262.0
359.0
125.0
161.0
378.0
288.0
120.0
272.0
225.0
192.0
169.0
513.0
120.0
118.0
380.0
225.0
158.0
376.0
221.0
473.0
351.0
195.0
230.0
153.0
418.0
144.0
333.0
261.0
252.0
205.0
350.0
272.0
198.0
182.0
274.0
134.0
143.0
168.0
166.0
258.0
200.0
340.0
171.0
164.0
177.0
275.0
158.0
225.0
247.0
180.0
277.0
191.0
166.0
222.0
201.0
376.0
292.0
162.0
425.0
277.0
780.0
248.0
418.0
504.0
242.0
189.0
265.0
200.0
314.0
444.0
453.0
468.0
200.0
552.0
812.0
220.0
314.0
329.0
248.0
146.0
202.0
208.0
245.0
361.0
198.0
259.0
166.0
608.0
442.0
182.0
470.0
235.0
178.0
166.0
280.0
413.0
200.0
252.0
184.0
240.0
226.0
988.0
279.0
528.0
259.0
650.0
188.0
457.0
227.0
421.0
703.0
505.0
591.0
354.0
539.0
264.0
612.0
439.0
247.0
570.0
505.0
589.0
265.0
119.0
533.0
702.0
779.0
200.0
140.0
212.0
350.0
317.0
313.0
320.0
842.0
510.0
527.0
332.0
319.0
351.0
533.0
456.0
224.0
1173.0
594.0
157.0
260.0
656.0
263.0
512.0
462.0
623.0
234.0
404.0
252.0
401.0
316.0
256.0
279.0
307.0
209.0
329.0
229.0
470.0
234.0
398.0
269.0
266.0
406.0
418.0
333.0
225.0
556.0
493.0
364.0
269.0
422.0
304.0
244.0
273.0
484.0
992.0
490.0
1077.0
493.0
459.0
765.0
722.0
629.0
1134.0
758.0
2427.0
1281.0
1035.0
896.0
1286.0
731.0
982.0
546.0
594.0
1125.0
537.0
1612.0
891.0
