0.0
0.0
0.0
0.0
0.0
0.0
0.0
0.0
0.0
0.0
0.0
0.0
0.0
0.0
0.0
0.0
0.0
0.0
0.0
0.0
0.0
0.0
0.0
0.0
0.0
0.0
0.0
0.0
0.0
0.0
0.0
0.0
0.0
0.0
0.0
0.0
0.0
0.0
0.0
0.0
0.0
0.0
0.0
0.0
0.0
0.0
0.0
0.0
0.0
0.0
62.0
80.0
12.0
17.0
14.0
52.0
18.0
34.0
37.0
67.0
14.0
18.0
27.0
32.0
15.0
15.0
20.0
13.0
29.0
14.0
44.0
30.0
17.0
24.0
15.0
21.0
20.0
46.0
13.0
65.0
25.0
33.0
20.0
26.0
20.0
28.0
50.0
18.0
9.0
38.0
40.0
41.0
9.0
20.0
43.0
13.0
14.0
35.0
18.0
13.0
13.0
12.0
16.0
14.0
26.0
26.0
40.0
29.0
24.0
14.0
21.0
15.0
32.0
48.0
13.0
32.0
35.0
14.0
62.0
30.0
26.0
41.0
13.0
17.0
15.0
54.0
36.0
31.0
22.0
95.0
19.0
42.0
13.0
27.0
43.0
13.0
10.0
40.0
24.0
17.0
10.0
16.0
13.0
84.0
36.0
48.0
27.0
33.0
11.0
14.0
13.0
15.0
23.0
46.0
48.0
46.0
68.0
20.0
78.0
25.0
60.0
21.0
35.0
21.0
35.0
72.0
16.0
14.0
30.0
67.0
44.0
53.0
44.0
67.0
59.0
28.0
36.0
66.0
17.0
12.0
19.0
39.0
85.0
30.0
39.0
73.0
35.0
58.0
24.0
26.0
54.0
22.0
73.0
27.0
20.0
44.0
39.0
22.0
50.0
46.0
20.0
36.0
28.0
29.0
45.0
44.0
96.0
38.0
67.0
79.0
129.0
21.0
49.0
57.0
22.0
10.0
48.0
41.0
39.0
30.0
23.0
40.0
24.0
31.0
49.0
59.0
17.0
17.0
15.0
71.0
29.0
42.0
45.0
26.0
37.0
45.0
41.0
28.0
41.0
29.0
78.0
30.0
64.0
42.0
35.0
27.0
31.0
16.0
51.0
14.0
77.0
46.0
50.0
18.0
48.0
31.0
17.0
32.0
33.0
16.0
21.0
17.0
34.0
16.0
62.0
32.0
80.0
22.0
66.0
69.0
58.0
74.0
23.0
26.0
49.0
53.0
37.0
31.0
18.0
24.0
29.0
79.0
12.0
54.0
61.0
35.0
40.0
16.0
28.0
30.0
27.0
20.0
51.0
18.0
15.0
44.0
23.0
28.0
31.0
38.0
18.0
37.0
20.0
23.0
41.0
52.0
61.0
21.0
26.0
43.0
28.0
30.0
38.0
42.0
36.0
53.0
28.0
21.0
25.0
61.0
33.0
86.0
19.0
44.0
16.0
42.0
24.0
23.0
113.0
50.0
74.0
34.0
97.0
39.0
68.0
26.0
27.0
15.0
45.0
48.0
34.0
43.0
19.0
45.0
17.0
99.0
127.0
26.0
29.0
26.0
78.0
19.0
34.0
36.0
23.0
46.0
118.0
18.0
20.0
28.0
15.0
21.0
22.0
77.0
53.0
29.0
11.0
26.0
75.0
27.0
62.0
26.0
50.0
87.0
25.0
29.0
16.0
45.0
33.0
27.0
40.0
43.0
12.0
20.0
24.0
15.0
25.0
19.0
39.0
24.0
27.0
34.0
25.0
33.0
77.0
21.0
18.0
91.0
48.0
41.0
37.0
35.0
24.0
22.0
104.0
55.0
12.0
31.0
33.0
65.0
69.0
9.0
20.0
12.0
144.0
83.0
51.0
24.0
47.0
91.0
44.0
42.0
20.0
30.0
66.0
29.0
75.0
21.0
12.0
96.0
53.0
54.0
32.0
30.0
72.0
41.0
16.0
41.0
24.0
57.0
24.0
13.0
17.0
31.0
22.0
28.0
37.0
42.0
37.0
11.0
30.0
56.0
20.0
86.0
13.0
69.0
50.0
28.0
36.0
45.0
108.0
70.0
132.0
69.0
86.0
96.0
67.0
33.0
26.0
22.0
38.0
77.0
67.0
69.0
14.0
177.0
48.0
23.0
21.0
63.0
23.0
79.0
45.0
74.0
96.0
63.0
24.0
28.0
20.0
40.0
91.0
55.0
44.0
59.0
27.0
88.0
24.0
91.0
62.0
33.0
51.0
17.0
58.0
17.0
75.0
62.0
141.0
25.0
31.0
70.0
41.0
58.0
65.0
52.0
36.0
93.0
66.0
29.0
75.0
31.0
53.0
19.0
32.0
41.0
131.0
83.0
63.0
91.0
47.0
84.0
20.0
43.0
37.0
44.0
34.0
109.0
76.0
42.0
54.0
13.0
57.0
37.0
53.0
23.0
104.0
22.0
76.0
37.0
29.0
105.0
61.0
71.0
62.0
38.0
56.0
47.0
31.0
19.0
40.0
83.0
32.0
59.0
17.0
41.0
19.0
33.0
88.0
33.0
20.0
38.0
49.0
50.0
126.0
33.0
94.0
61.0
50.0
86.0
22.0
35.0
28.0
33.0
43.0
18.0
38.0
56.0
24.0
77.0
52.0
71.0
36.0
62.0
38.0
32.0
49.0
42.0
35.0
44.0
49.0
25.0
43.0
44.0
77.0
88.0
28.0
122.0
15.0
79.0
56.0
81.0
33.0
46.0
93.0
46.0
75.0
64.0
19.0
83.0
39.0
61.0
34.0
69.0
19.0
61.0
30.0
37.0
37.0
46.0
70.0
18.0
53.0
62.0
21.0
51.0
52.0
23.0
61.0
54.0
69.0
62.0
56.0
93.0
182.0
59.0
72.0
67.0
14.0
49.0
40.0
24.0
24.0
47.0
97.0
36.0
42.0
37.0
24.0
23.0
55.0
34.0
53.0
68.0
98.0
33.0
45.0
35.0
35.0
57.0
40.0
27.0
32.0
72.0
49.0
34.0
30.0
100.0
19.0
38.0
38.0
37.0
77.0
67.0
47.0
26.0
34.0
36.0
59.0
32.0
23.0
84.0
56.0
46.0
31.0
39.0
55.0
42.0
189.0
74.0
46.0
69.0
37.0
43.0
100.0
65.0
47.0
54.0
119.0
51.0
79.0
19.0
99.0
50.0
69.0
37.0
75.0
92.0
69.0
20.0
66.0
74.0
60.0
59.0
34.0
49.0
54.0
56.0
72.0
37.0
55.0
120.0
104.0
47.0
66.0
18.0
38.0
31.0
14.0
124.0
52.0
47.0
69.0
46.0
60.0
50.0
69.0
13.0
77.0
84.0
40.0
36.0
62.0
47.0
47.0
45.0
18.0
93.0
64.0
68.0
38.0
53.0
46.0
55.0
148.0
63.0
47.0
61.0
120.0
55.0
88.0
201.0
87.0
33.0
121.0
45.0
42.0
133.0
20.0
87.0
61.0
43.0
54.0
41.0
93.0
31.0
85.0
29.0
43.0
111.0
56.0
19.0
44.0
51.0
107.0
74.0
49.0
34.0
68.0
98.0
51.0
36.0
47.0
71.0
94.0
26.0
30.0
49.0
54.0
36.0
47.0
28.0
37.0
92.0
60.0
126.0
77.0
50.0
226.0
33.0
58.0
10.0
117.0
32.0
59.0
37.0
151.0
63.0
124.0
36.0
59.0
43.0
66.0
72.0
59.0
55.0
36.0
192.0
29.0
34.0
48.0
68.0
54.0
78.0
71.0
42.0
127.0
23.0
69.0
50.0
72.0
66.0
98.0
107.0
86.0
53.0
37.0
41.0
59.0
81.0
89.0
24.0
59.0
68.0
75.0
101.0
95.0
83.0
42.0
113.0
125.0
84.0
73.0
48.0
30.0
54.0
117.0
106.0
91.0
16.0
99.0
27.0
97.0
44.0
31.0
42.0
42.0
57.0
38.0
38.0
59.0
56.0
61.0
25.0
40.0
67.0
37.0
80.0
57.0
48.0
40.0
107.0
116.0
73.0
21.0
90.0
38.0
53.0
55.0
109.0
74.0
59.0
64.0
154.0
76.0
52.0
44.0
60.0
89.0
25.0
82.0
58.0
96.0
93.0
56.0
48.0
38.0
61.0
71.0
86.0
95.0
138.0
90.0
44.0
38.0
102.0
52.0
72.0
41.0
65.0
65.0
40.0
20.0
97.0
16.0
34.0
89.0
22.0
22.0
61.0
40.0
43.0
26.0
38.0
65.0
62.0
50.0
29.0
53.0
48.0
118.0
39.0
110.0
93.0
87.0
168.0
148.0
86.0
65.0
162.0
82.0
39.0
140.0
76.0
32.0
40.0
56.0
79.0
94.0
69.0
49.0
89.0
61.0
77.0
54.0
47.0
49.0
64.0
64.0
74.0
16.0
73.0
121.0
67.0
51.0
88.0
31.0
52.0
73.0
43.0
116.0
61.0
85.0
110.0
56.0
67.0
65.0
83.0
41.0
107.0
36.0
102.0
76.0
58.0
30.0
47.0
66.0
64.0
102.0
62.0
43.0
34.0
57.0
54.0
73.0
51.0
58.0
46.0
84.0
31.0
87.0
25.0
40.0
79.0
134.0
127.0
124.0
37.0
86.0
45.0
57.0
75.0
43.0
64.0
58.0
87.0
69.0
69.0
76.0
35.0
104.0
38.0
94.0
54.0
20.0
135.0
47.0
82.0
106.0
57.0
58.0
48.0
68.0
52.0
53.0
72.0
98.0
137.0
32.0
12.0
59.0
41.0
34.0
50.0
69.0
80.0
60.0
117.0
58.0
43.0
56.0
66.0
148.0
57.0
131.0
74.0
43.0
28.0
67.0
47.0
65.0
87.0
118.0
73.0
54.0
57.0
95.0
29.0
41.0
38.0
44.0
89.0
83.0
77.0
55.0
125.0
54.0
60.0
92.0
65.0
45.0
65.0
120.0
62.0
38.0
101.0
87.0
41.0
163.0
47.0
72.0
59.0
42.0
37.0
140.0
43.0
92.0
52.0
47.0
87.0
45.0
168.0
35.0
29.0
56.0
30.0
54.0
81.0
38.0
37.0
34.0
66.0
81.0
78.0
61.0
29.0
60.0
69.0
70.0
74.0
94.0
79.0
121.0
65.0
69.0
93.0
166.0
82.0
46.0
50.0
52.0
50.0
73.0
53.0
65.0
33.0
60.0
64.0
60.0
71.0
80.0
144.0
43.0
100.0
57.0
123.0
120.0
85.0
62.0
69.0
90.0
94.0
45.0
85.0
130.0
80.0
75.0
85.0
70.0
48.0
77.0
81.0
91.0
56.0
47.0
56.0
10.0
73.0
99.0
92.0
65.0
89.0
84.0
64.0
93.0
46.0
18.0
81.0
111.0
64.0
200.0
58.0
32.0
48.0
96.0
64.0
171.0
35.0
35.0
24.0
79.0
91.0
70.0
78.0
62.0
39.0
82.0
41.0
62.0
75.0
63.0
99.0
82.0
29.0
81.0
51.0
114.0
71.0
96.0
102.0
79.0
55.0
74.0
97.0
61.0
118.0
89.0
112.0
46.0
40.0
43.0
11.0
57.0
81.0
45.0
50.0
79.0
62.0
53.0
73.0
137.0
73.0
89.0
88.0
58.0
92.0
145.0
97.0
68.0
107.0
33.0
60.0
46.0
69.0
43.0
80.0
116.0
43.0
49.0
114.0
55.0
51.0
54.0
60.0
78.0
64.0
75.0
74.0
132.0
48.0
110.0
68.0
78.0
44.0
67.0
99.0
78.0
155.0
66.0
86.0
187.0
43.0
79.0
115.0
57.0
48.0
53.0
57.0
137.0
98.0
100.0
79.0
67.0
61.0
54.0
47.0
58.0
82.0
58.0
52.0
84.0
61.0
64.0
102.0
65.0
88.0
74.0
41.0
56.0
52.0
94.0
43.0
66.0
82.0
55.0
66.0
59.0
55.0
26.0
58.0
90.0
48.0
74.0
48.0
51.0
53.0
56.0
70.0
62.0
124.0
86.0
50.0
54.0
121.0
54.0
48.0
49.0
59.0
34.0
54.0
174.0
72.0
77.0
60.0
24.0
56.0
63.0
116.0
58.0
106.0
41.0
209.0
66.0
62.0
167.0
41.0
37.0
51.0
83.0
59.0
63.0
89.0
47.0
50.0
100.0
84.0
162.0
79.0
58.0
40.0
54.0
126.0
42.0
47.0
79.0
33.0
57.0
315.0
85.0
312.0
62.0
116.0
42.0
59.0
73.0
70.0
71.0
54.0
82.0
56.0
67.0
119.0
38.0
53.0
78.0
129.0
54.0
39.0
143.0
88.0
101.0
44.0
65.0
67.0
65.0
37.0
39.0
42.0
65.0
133.0
85.0
78.0
37.0
62.0
101.0
48.0
35.0
52.0
39.0
72.0
46.0
61.0
99.0
59.0
44.0
61.0
70.0
78.0
75.0
29.0
123.0
64.0
51.0
93.0
95.0
49.0
49.0
51.0
68.0
75.0
72.0
74.0
87.0
54.0
42.0
51.0
68.0
35.0
78.0
53.0
66.0
66.0
74.0
97.0
71.0
60.0
63.0
53.0
25.0
48.0
51.0
62.0
39.0
70.0
79.0
52.0
53.0
92.0
126.0
40.0
52.0
69.0
135.0
59.0
54.0
67.0
57.0
39.0
60.0
129.0
107.0
35.0
64.0
81.0
59.0
50.0
58.0
101.0
82.0
146.0
64.0
75.0
32.0
61.0
94.0
187.0
108.0
96.0
75.0
73.0
71.0
82.0
94.0
92.0
47.0
106.0
46.0
91.0
98.0
152.0
50.0
94.0
37.0
98.0
30.0
87.0
73.0
48.0
54.0
67.0
55.0
65.0
94.0
79.0
66.0
58.0
70.0
62.0
57.0
83.0
40.0
47.0
63.0
71.0
82.0
104.0
41.0
52.0
70.0
62.0
71.0
122.0
36.0
57.0
56.0
62.0
45.0
91.0
78.0
58.0
46.0
136.0
57.0
65.0
112.0
35.0
184.0
64.0
71.0
88.0
84.0
55.0
51.0
80.0
57.0
61.0
37.0
59.0
46.0
61.0
77.0
56.0
66.0
102.0
66.0
81.0
60.0
38.0
57.0
70.0
54.0
110.0
70.0
48.0
49.0
96.0
60.0
57.0
43.0
61.0
168.0
57.0
62.0
79.0
62.0
60.0
104.0
89.0
52.0
71.0
58.0
53.0
47.0
45.0
64.0
33.0
57.0
67.0
94.0
101.0
67.0
110.0
108.0
87.0
126.0
46.0
45.0
97.0
56.0
95.0
71.0
79.0
64.0
53.0
118.0
85.0
66.0
69.0
44.0
69.0
81.0
82.0
64.0
62.0
56.0
63.0
56.0
54.0
36.0
51.0
65.0
74.0
103.0
65.0
52.0
54.0
83.0
139.0
81.0
58.0
25.0
141.0
72.0
57.0
197.0
67.0
58.0
60.0
75.0
75.0
79.0
60.0
94.0
49.0
111.0
69.0
66.0
83.0
69.0
46.0
50.0
50.0
67.0
100.0
54.0
54.0
63.0
98.0
75.0
45.0
56.0
60.0
45.0
72.0
91.0
94.0
38.0
60.0
49.0
85.0
53.0
44.0
51.0
81.0
86.0
84.0
90.0
40.0
78.0
91.0
80.0
72.0
82.0
82.0
51.0
151.0
43.0
65.0
64.0
58.0
111.0
46.0
100.0
81.0
73.0
61.0
39.0
81.0
87.0
43.0
139.0
58.0
49.0
67.0
64.0
50.0
74.0
54.0
101.0
41.0
138.0
49.0
70.0
40.0
61.0
102.0
58.0
57.0
73.0
121.0
46.0
40.0
53.0
130.0
66.0
79.0
42.0
109.0
89.0
44.0
165.0
48.0
49.0
82.0
107.0
63.0
76.0
115.0
48.0
54.0
50.0
76.0
52.0
49.0
70.0
62.0
57.0
119.0
71.0
70.0
38.0
52.0
51.0
77.0
28.0
57.0
122.0
77.0
63.0
49.0
158.0
42.0
48.0
79.0
69.0
89.0
83.0
72.0
30.0
23.0
73.0
90.0
59.0
111.0
60.0
73.0
52.0
51.0
53.0
70.0
63.0
62.0
90.0
57.0
55.0
52.0
64.0
49.0
117.0
41.0
40.0
63.0
55.0
62.0
74.0
51.0
47.0
52.0
140.0
47.0
163.0
74.0
70.0
48.0
131.0
55.0
63.0
58.0
64.0
79.0
62.0
53.0
52.0
55.0
62.0
106.0
72.0
54.0
147.0
61.0
80.0
25.0
43.0
75.0
41.0
57.0
69.0
73.0
62.0
52.0
67.0
71.0
64.0
87.0
85.0
48.0
56.0
85.0
61.0
57.0
65.0
77.0
67.0
48.0
163.0
67.0
103.0
55.0
115.0
42.0
64.0
57.0
94.0
120.0
50.0
82.0
68.0
97.0
52.0
66.0
46.0
54.0
50.0
58.0
64.0
63.0
159.0
96.0
44.0
73.0
63.0
63.0
47.0
76.0
48.0
54.0
57.0
78.0
68.0
47.0
64.0
63.0
67.0
124.0
59.0
87.0
108.0
57.0
119.0
151.0
47.0
82.0
62.0
54.0
156.0
53.0
113.0
103.0
86.0
107.0
142.0
66.0
61.0
74.0
54.0
156.0
79.0
65.0
134.0
103.0
59.0
55.0
61.0
62.0
142.0
60.0
63.0
113.0
75.0
111.0
55.0
117.0
77.0
114.0
50.0
50.0
61.0
89.0
48.0
87.0
87.0
66.0
63.0
43.0
69.0
82.0
64.0
59.0
41.0
73.0
57.0
98.0
125.0
66.0
48.0
67.0
87.0
41.0
60.0
50.0
60.0
86.0
39.0
71.0
135.0
134.0
108.0
56.0
56.0
74.0
56.0
39.0
43.0
75.0
61.0
43.0
37.0
59.0
61.0
55.0
56.0
94.0
149.0
57.0
165.0
39.0
180.0
54.0
54.0
55.0
67.0
84.0
51.0
60.0
66.0
80.0
50.0
42.0
43.0
61.0
77.0
61.0
54.0
81.0
59.0
56.0
117.0
59.0
71.0
131.0
66.0
159.0
80.0
78.0
43.0
127.0
55.0
71.0
63.0
51.0
74.0
48.0
57.0
84.0
94.0
63.0
63.0
59.0
72.0
63.0
125.0
50.0
147.0
70.0
69.0
51.0
120.0
120.0
77.0
142.0
50.0
84.0
75.0
68.0
69.0
43.0
55.0
119.0
83.0
88.0
50.0
53.0
61.0
62.0
45.0
101.0
52.0
96.0
43.0
75.0
78.0
55.0
69.0
58.0
115.0
44.0
219.0
76.0
61.0
60.0
138.0
47.0
55.0
74.0
55.0
75.0
56.0
96.0
81.0
139.0
61.0
45.0
56.0
62.0
55.0
83.0
134.0
75.0
106.0
58.0
50.0
61.0
64.0
54.0
71.0
116.0
53.0
69.0
50.0
55.0
57.0
76.0
52.0
77.0
76.0
110.0
125.0
48.0
46.0
34.0
131.0
125.0
54.0
59.0
56.0
55.0
58.0
96.0
48.0
60.0
29.0
82.0
51.0
47.0
65.0
68.0
59.0
39.0
112.0
62.0
63.0
59.0
78.0
79.0
126.0
68.0
81.0
61.0
54.0
99.0
61.0
80.0
52.0
61.0
50.0
48.0
71.0
65.0
65.0
75.0
71.0
82.0
114.0
59.0
59.0
41.0
107.0
67.0
149.0
67.0
81.0
179.0
78.0
49.0
99.0
78.0
56.0
91.0
57.0
79.0
62.0
70.0
39.0
75.0
74.0
63.0
89.0
55.0
68.0
70.0
147.0
92.0
61.0
46.0
64.0
54.0
61.0
107.0
104.0
111.0
121.0
114.0
91.0
110.0
75.0
45.0
51.0
132.0
50.0
70.0
70.0
111.0
44.0
97.0
82.0
58.0
50.0
69.0
69.0
41.0
72.0
76.0
58.0
72.0
81.0
68.0
37.0
50.0
132.0
51.0
66.0
70.0
74.0
51.0
96.0
59.0
72.0
56.0
59.0
106.0
47.0
41.0
91.0
64.0
76.0
50.0
66.0
47.0
99.0
75.0
194.0
53.0
75.0
65.0
65.0
55.0
76.0
80.0
56.0
41.0
53.0
77.0
62.0
59.0
78.0
69.0
34.0
60.0
96.0
45.0
68.0
55.0
110.0
77.0
154.0
79.0
62.0
56.0
76.0
108.0
50.0
128.0
55.0
48.0
58.0
56.0
60.0
76.0
57.0
65.0
71.0
162.0
85.0
56.0
152.0
61.0
70.0
58.0
98.0
154.0
41.0
51.0
101.0
121.0
39.0
64.0
60.0
146.0
61.0
97.0
213.0
64.0
64.0
40.0
140.0
66.0
39.0
69.0
50.0
56.0
45.0
90.0
57.0
69.0
45.0
68.0
52.0
42.0
63.0
61.0
56.0
62.0
70.0
52.0
91.0
60.0
64.0
42.0
133.0
45.0
68.0
66.0
42.0
59.0
106.0
62.0
47.0
75.0
39.0
146.0
63.0
63.0
63.0
27.0
67.0
59.0
80.0
43.0
127.0
109.0
48.0
59.0
82.0
57.0
54.0
39.0
84.0
66.0
80.0
76.0
50.0
67.0
101.0
77.0
54.0
59.0
50.0
38.0
59.0
61.0
54.0
105.0
60.0
51.0
60.0
66.0
85.0
69.0
77.0
45.0
48.0
62.0
74.0
78.0
47.0
88.0
51.0
50.0
109.0
63.0
116.0
74.0
57.0
56.0
101.0
73.0
52.0
69.0
62.0
66.0
85.0
143.0
65.0
77.0
41.0
63.0
53.0
51.0
47.0
58.0
109.0
141.0
88.0
67.0
49.0
100.0
77.0
78.0
62.0
75.0
64.0
76.0
97.0
69.0
59.0
78.0
68.0
63.0
82.0
94.0
87.0
85.0
58.0
42.0
40.0
69.0
63.0
55.0
61.0
123.0
108.0
45.0
99.0
57.0
60.0
49.0
73.0
82.0
67.0
58.0
107.0
54.0
44.0
89.0
53.0
74.0
62.0
65.0
70.0
62.0
61.0
56.0
65.0
77.0
67.0
71.0
112.0
44.0
61.0
52.0
108.0
46.0
59.0
139.0
73.0
119.0
66.0
80.0
54.0
97.0
50.0
78.0
87.0
77.0
59.0
82.0
155.0
36.0
50.0
62.0
110.0
96.0
88.0
51.0
70.0
68.0
148.0
133.0
54.0
85.0
61.0
50.0
48.0
105.0
62.0
111.0
79.0
108.0
62.0
57.0
53.0
55.0
65.0
37.0
80.0
118.0
83.0
53.0
64.0
106.0
65.0
116.0
53.0
76.0
78.0
79.0
103.0
77.0
139.0
87.0
93.0
61.0
151.0
77.0
108.0
67.0
99.0
57.0
62.0
56.0
55.0
35.0
123.0
79.0
114.0
52.0
72.0
72.0
56.0
65.0
53.0
63.0
121.0
60.0
56.0
54.0
83.0
130.0
80.0
70.0
56.0
103.0
62.0
68.0
78.0
58.0
80.0
67.0
67.0
82.0
52.0
53.0
119.0
53.0
70.0
101.0
69.0
63.0
65.0
51.0
50.0
169.0
63.0
66.0
67.0
133.0
117.0
131.0
56.0
67.0
58.0
92.0
51.0
51.0
78.0
75.0
89.0
81.0
53.0
52.0
47.0
71.0
62.0
88.0
54.0
139.0
59.0
50.0
48.0
59.0
59.0
69.0
55.0
104.0
69.0
77.0
77.0
116.0
43.0
81.0
104.0
151.0
85.0
50.0
68.0
77.0
54.0
81.0
85.0
58.0
141.0
78.0
69.0
57.0
52.0
128.0
49.0
56.0
64.0
75.0
60.0
85.0
76.0
64.0
87.0
130.0
87.0
65.0
56.0
84.0
66.0
87.0
67.0
72.0
93.0
68.0
71.0
52.0
50.0
57.0
107.0
53.0
74.0
138.0
68.0
66.0
76.0
58.0
156.0
80.0
65.0
52.0
160.0
93.0
68.0
47.0
101.0
63.0
78.0
55.0
113.0
74.0
60.0
48.0
65.0
89.0
64.0
94.0
75.0
56.0
78.0
82.0
46.0
55.0
43.0
69.0
57.0
65.0
66.0
66.0
76.0
68.0
67.0
128.0
43.0
78.0
53.0
99.0
72.0
42.0
73.0
58.0
65.0
118.0
66.0
88.0
70.0
59.0
72.0
52.0
68.0
74.0
65.0
52.0
98.0
55.0
106.0
49.0
129.0
69.0
60.0
61.0
117.0
163.0
50.0
47.0
108.0
48.0
45.0
202.0
54.0
54.0
70.0
69.0
54.0
60.0
77.0
76.0
58.0
75.0
114.0
80.0
44.0
71.0
136.0
40.0
66.0
79.0
82.0
61.0
58.0
47.0
68.0
132.0
53.0
72.0
69.0
79.0
65.0
72.0
94.0
52.0
72.0
53.0
65.0
54.0
61.0
44.0
66.0
68.0
137.0
57.0
48.0
119.0
60.0
257.0
61.0
71.0
59.0
54.0
109.0
109.0
89.0
51.0
134.0
79.0
114.0
82.0
66.0
67.0
91.0
56.0
77.0
119.0
141.0
50.0
81.0
59.0
74.0
81.0
55.0
48.0
83.0
76.0
84.0
59.0
52.0
77.0
66.0
79.0
119.0
38.0
64.0
95.0
56.0
65.0
46.0
76.0
116.0
75.0
109.0
67.0
84.0
111.0
92.0
63.0
49.0
78.0
52.0
134.0
59.0
61.0
80.0
120.0
66.0
126.0
65.0
67.0
62.0
68.0
80.0
62.0
66.0
60.0
63.0
85.0
87.0
64.0
53.0
69.0
57.0
60.0
51.0
101.0
74.0
95.0
76.0
59.0
53.0
114.0
97.0
38.0
59.0
67.0
124.0
62.0
63.0
71.0
84.0
78.0
88.0
117.0
112.0
107.0
74.0
84.0
79.0
66.0
57.0
63.0
142.0
116.0
67.0
125.0
94.0
57.0
65.0
75.0
54.0
116.0
102.0
65.0
71.0
72.0
69.0
54.0
65.0
92.0
81.0
100.0
99.0
72.0
58.0
57.0
80.0
62.0
57.0
48.0
68.0
96.0
73.0
88.0
65.0
68.0
55.0
69.0
147.0
75.0
57.0
65.0
45.0
57.0
55.0
119.0
64.0
62.0
124.0
72.0
51.0
96.0
69.0
71.0
96.0
119.0
65.0
57.0
68.0
61.0
91.0
122.0
74.0
53.0
61.0
116.0
68.0
57.0
83.0
76.0
103.0
61.0
61.0
86.0
50.0
50.0
138.0
53.0
44.0
75.0
73.0
58.0
55.0
71.0
96.0
117.0
48.0
46.0
45.0
55.0
206.0
66.0
117.0
46.0
83.0
46.0
90.0
160.0
77.0
149.0
64.0
53.0
90.0
57.0
66.0
81.0
72.0
64.0
50.0
54.0
48.0
65.0
65.0
60.0
114.0
68.0
86.0
53.0
121.0
78.0
52.0
67.0
156.0
76.0
80.0
74.0
48.0
55.0
95.0
82.0
94.0
57.0
109.0
77.0
78.0
62.0
164.0
63.0
93.0
45.0
53.0
81.0
78.0
63.0
100.0
52.0
54.0
142.0
130.0
63.0
86.0
59.0
127.0
73.0
105.0
68.0
72.0
48.0
86.0
63.0
50.0
70.0
66.0
72.0
50.0
46.0
107.0
83.0
133.0
55.0
67.0
81.0
67.0
59.0
58.0
77.0
122.0
67.0
73.0
65.0
126.0
82.0
73.0
107.0
58.0
64.0
60.0
97.0
91.0
72.0
62.0
92.0
124.0
77.0
72.0
52.0
54.0
74.0
55.0
126.0
124.0
50.0
85.0
75.0
73.0
60.0
59.0
63.0
83.0
55.0
68.0
50.0
65.0
73.0
61.0
75.0
63.0
67.0
55.0
59.0
58.0
60.0
54.0
46.0
87.0
79.0
156.0
70.0
56.0
65.0
73.0
53.0
87.0
82.0
65.0
127.0
63.0
48.0
77.0
60.0
66.0
73.0
55.0
99.0
59.0
77.0
103.0
48.0
57.0
47.0
61.0
67.0
59.0
53.0
65.0
69.0
67.0
79.0
101.0
80.0
73.0
74.0
86.0
109.0
106.0
70.0
55.0
73.0
134.0
102.0
51.0
78.0
64.0
45.0
64.0
48.0
71.0
56.0
81.0
81.0
91.0
126.0
98.0
48.0
117.0
64.0
78.0
71.0
58.0
59.0
59.0
82.0
86.0
91.0
89.0
64.0
68.0
62.0
71.0
82.0
71.0
60.0
57.0
89.0
59.0
61.0
79.0
66.0
56.0
52.0
78.0
138.0
60.0
133.0
51.0
45.0
69.0
57.0
62.0
67.0
82.0
53.0
129.0
72.0
60.0
77.0
69.0
97.0
67.0
48.0
55.0
57.0
70.0
71.0
63.0
65.0
54.0
70.0
51.0
97.0
54.0
62.0
112.0
69.0
62.0
82.0
51.0
85.0
67.0
52.0
129.0
55.0
75.0
75.0
50.0
112.0
58.0
71.0
59.0
119.0
90.0
67.0
54.0
74.0
112.0
46.0
74.0
55.0
70.0
121.0
60.0
54.0
70.0
57.0
68.0
61.0
61.0
66.0
51.0
59.0
68.0
75.0
45.0
59.0
71.0
64.0
69.0
53.0
120.0
64.0
99.0
78.0
54.0
57.0
63.0
56.0
50.0
50.0
78.0
43.0
75.0
71.0
75.0
81.0
65.0
71.0
74.0
64.0
55.0
76.0
65.0
107.0
53.0
91.0
55.0
79.0
43.0
97.0
65.0
80.0
64.0
95.0
61.0
89.0
56.0
60.0
62.0
130.0
82.0
67.0
63.0
72.0
48.0
55.0
87.0
58.0
57.0
55.0
48.0
168.0
67.0
65.0
60.0
63.0
53.0
56.0
85.0
83.0
58.0
65.0
125.0
92.0
61.0
64.0
55.0
60.0
59.0
118.0
71.0
72.0
61.0
55.0
53.0
68.0
169.0
75.0
113.0
120.0
95.0
67.0
71.0
43.0
46.0
63.0
71.0
71.0
91.0
61.0
80.0
56.0
85.0
57.0
52.0
57.0
59.0
64.0
77.0
52.0
60.0
75.0
56.0
56.0
75.0
73.0
61.0
67.0
75.0
131.0
128.0
105.0
47.0
93.0
51.0
70.0
102.0
75.0
55.0
51.0
88.0
96.0
56.0
59.0
110.0
58.0
56.0
100.0
60.0
70.0
74.0
69.0
38.0
95.0
68.0
126.0
99.0
125.0
44.0
92.0
104.0
90.0
77.0
92.0
58.0
60.0
63.0
68.0
73.0
54.0
48.0
56.0
70.0
81.0
79.0
46.0
38.0
67.0
107.0
50.0
83.0
60.0
120.0
73.0
82.0
73.0
59.0
63.0
103.0
107.0
83.0
74.0
64.0
46.0
78.0
65.0
128.0
63.0
55.0
66.0
52.0
121.0
83.0
46.0
74.0
64.0
104.0
54.0
52.0
111.0
47.0
62.0
70.0
54.0
116.0
52.0
129.0
65.0
67.0
53.0
72.0
65.0
66.0
60.0
51.0
58.0
113.0
49.0
65.0
82.0
59.0
66.0
114.0
108.0
69.0
65.0
64.0
141.0
68.0
70.0
74.0
70.0
48.0
111.0
65.0
133.0
46.0
61.0
62.0
66.0
58.0
55.0
47.0
87.0
62.0
57.0
83.0
87.0
63.0
80.0
60.0
52.0
64.0
71.0
76.0
101.0
58.0
63.0
111.0
64.0
92.0
58.0
140.0
129.0
58.0
71.0
54.0
66.0
65.0
70.0
80.0
61.0
79.0
48.0
50.0
67.0
74.0
63.0
54.0
69.0
63.0
81.0
71.0
64.0
67.0
83.0
56.0
71.0
91.0
63.0
124.0
59.0
115.0
58.0
111.0
83.0
66.0
57.0
152.0
96.0
63.0
58.0
131.0
50.0
71.0
63.0
66.0
102.0
46.0
61.0
64.0
66.0
61.0
56.0
128.0
72.0
66.0
80.0
64.0
99.0
36.0
116.0
97.0
79.0
65.0
48.0
66.0
63.0
64.0
65.0
55.0
65.0
81.0
64.0
90.0
63.0
53.0
53.0
107.0
63.0
50.0
64.0
48.0
163.0
54.0
74.0
45.0
75.0
82.0
133.0
60.0
69.0
61.0
66.0
52.0
148.0
77.0
114.0
105.0
120.0
70.0
82.0
166.0
50.0
72.0
56.0
79.0
89.0
61.0
70.0
67.0
126.0
69.0
54.0
151.0
78.0
59.0
50.0
84.0
78.0
80.0
61.0
145.0
80.0
97.0
122.0
119.0
103.0
67.0
71.0
71.0
70.0
59.0
63.0
50.0
77.0
59.0
88.0
98.0
82.0
49.0
63.0
78.0
72.0
65.0
44.0
49.0
69.0
52.0
55.0
71.0
137.0
50.0
55.0
77.0
127.0
53.0
73.0
70.0
119.0
75.0
62.0
85.0
96.0
70.0
53.0
45.0
97.0
66.0
56.0
82.0
48.0
132.0
46.0
134.0
65.0
65.0
109.0
81.0
77.0
58.0
105.0
64.0
77.0
91.0
71.0
77.0
74.0
91.0
54.0
59.0
64.0
63.0
114.0
72.0
108.0
61.0
66.0
74.0
65.0
61.0
52.0
49.0
72.0
42.0
78.0
102.0
78.0
59.0
81.0
81.0
98.0
138.0
100.0
109.0
63.0
70.0
57.0
86.0
72.0
49.0
97.0
50.0
119.0
53.0
132.0
54.0
57.0
95.0
75.0
98.0
69.0
56.0
53.0
59.0
71.0
87.0
66.0
99.0
55.0
52.0
70.0
59.0
51.0
81.0
139.0
59.0
56.0
142.0
69.0
43.0
61.0
63.0
66.0
74.0
63.0
57.0
63.0
54.0
158.0
68.0
114.0
73.0
58.0
125.0
68.0
68.0
73.0
69.0
154.0
62.0
42.0
59.0
72.0
55.0
57.0
80.0
72.0
71.0
68.0
58.0
67.0
61.0
77.0
69.0
69.0
61.0
51.0
100.0
71.0
57.0
46.0
47.0
92.0
115.0
54.0
61.0
77.0
51.0
73.0
49.0
48.0
129.0
108.0
66.0
55.0
55.0
73.0
92.0
57.0
49.0
121.0
76.0
96.0
54.0
118.0
124.0
64.0
59.0
63.0
170.0
83.0
75.0
61.0
57.0
70.0
95.0
54.0
109.0
90.0
55.0
57.0
51.0
72.0
57.0
72.0
85.0
71.0
52.0
112.0
71.0
71.0
58.0
72.0
151.0
119.0
55.0
68.0
59.0
58.0
86.0
59.0
69.0
59.0
66.0
50.0
73.0
123.0
48.0
69.0
75.0
119.0
57.0
65.0
48.0
46.0
72.0
60.0
60.0
75.0
119.0
73.0
56.0
60.0
70.0
59.0
102.0
72.0
70.0
59.0
138.0
47.0
79.0
87.0
69.0
61.0
62.0
79.0
61.0
95.0
137.0
55.0
56.0
50.0
121.0
57.0
83.0
100.0
65.0
60.0
52.0
56.0
124.0
129.0
125.0
84.0
57.0
92.0
60.0
80.0
57.0
59.0
74.0
48.0
62.0
70.0
122.0
165.0
65.0
73.0
76.0
169.0
62.0
74.0
62.0
67.0
82.0
75.0
113.0
61.0
93.0
54.0
76.0
49.0
119.0
57.0
61.0
57.0
77.0
87.0
63.0
107.0
62.0
63.0
64.0
65.0
65.0
58.0
114.0
101.0
58.0
58.0
91.0
56.0
74.0
71.0
63.0
72.0
49.0
70.0
75.0
51.0
131.0
62.0
79.0
69.0
73.0
102.0
71.0
115.0
57.0
68.0
110.0
65.0
77.0
71.0
107.0
68.0
100.0
50.0
70.0
67.0
62.0
111.0
52.0
93.0
63.0
70.0
77.0
54.0
95.0
79.0
48.0
57.0
84.0
110.0
74.0
65.0
68.0
52.0
57.0
124.0
86.0
63.0
117.0
134.0
147.0
69.0
57.0
55.0
72.0
58.0
80.0
52.0
72.0
50.0
51.0
59.0
69.0
63.0
44.0
51.0
65.0
122.0
74.0
94.0
59.0
104.0
76.0
69.0
104.0
78.0
75.0
77.0
87.0
64.0
64.0
57.0
54.0
56.0
68.0
76.0
109.0
61.0
53.0
56.0
63.0
72.0
71.0
46.0
100.0
180.0
73.0
58.0
52.0
75.0
61.0
52.0
78.0
135.0
53.0
51.0
59.0
64.0
57.0
50.0
114.0
74.0
125.0
63.0
119.0
56.0
67.0
67.0
244.0
48.0
72.0
56.0
70.0
69.0
100.0
128.0
67.0
136.0
56.0
55.0
67.0
127.0
60.0
63.0
67.0
55.0
63.0
101.0
57.0
57.0
71.0
62.0
74.0
56.0
61.0
62.0
142.0
64.0
45.0
68.0
53.0
84.0
50.0
60.0
57.0
91.0
55.0
61.0
82.0
90.0
92.0
63.0
120.0
114.0
63.0
64.0
74.0
63.0
60.0
133.0
55.0
94.0
125.0
84.0
73.0
127.0
138.0
61.0
52.0
66.0
86.0
64.0
115.0
51.0
127.0
85.0
53.0
67.0
118.0
69.0
205.0
91.0
69.0
59.0
80.0
56.0
54.0
66.0
96.0
70.0
51.0
52.0
76.0
58.0
80.0
66.0
82.0
63.0
59.0
50.0
72.0
48.0
117.0
58.0
74.0
58.0
73.0
100.0
71.0
124.0
108.0
104.0
67.0
68.0
64.0
51.0
56.0
54.0
66.0
67.0
55.0
73.0
55.0
41.0
82.0
89.0
66.0
113.0
52.0
50.0
70.0
90.0
105.0
52.0
79.0
48.0
53.0
53.0
67.0
64.0
77.0
66.0
88.0
93.0
61.0
81.0
76.0
65.0
63.0
73.0
69.0
63.0
66.0
48.0
73.0
105.0
48.0
50.0
89.0
111.0
65.0
74.0
78.0
63.0
163.0
76.0
122.0
72.0
69.0
81.0
66.0
85.0
79.0
67.0
63.0
52.0
76.0
60.0
50.0
98.0
89.0
79.0
94.0
60.0
63.0
61.0
54.0
88.0
99.0
63.0
104.0
67.0
63.0
51.0
80.0
50.0
73.0
134.0
74.0
75.0
75.0
104.0
49.0
87.0
130.0
62.0
111.0
133.0
59.0
54.0
121.0
82.0
114.0
62.0
57.0
113.0
77.0
77.0
53.0
58.0
94.0
50.0
54.0
84.0
59.0
61.0
62.0
61.0
51.0
105.0
73.0
61.0
62.0
58.0
101.0
60.0
89.0
49.0
71.0
52.0
75.0
95.0
70.0
62.0
84.0
110.0
95.0
116.0
71.0
52.0
77.0
50.0
49.0
123.0
107.0
52.0
109.0
69.0
77.0
78.0
81.0
68.0
68.0
88.0
66.0
66.0
48.0
119.0
61.0
54.0
52.0
57.0
77.0
88.0
106.0
93.0
65.0
71.0
53.0
73.0
71.0
63.0
66.0
94.0
70.0
97.0
127.0
53.0
71.0
50.0
85.0
57.0
65.0
49.0
71.0
54.0
57.0
122.0
75.0
86.0
81.0
98.0
64.0
70.0
71.0
85.0
52.0
146.0
67.0
67.0
65.0
80.0
73.0
65.0
50.0
107.0
111.0
67.0
62.0
60.0
54.0
45.0
109.0
54.0
105.0
104.0
55.0
94.0
64.0
116.0
114.0
81.0
60.0
65.0
65.0
68.0
58.0
90.0
79.0
54.0
145.0
73.0
53.0
55.0
53.0
60.0
73.0
70.0
43.0
111.0
173.0
77.0
86.0
84.0
88.0
82.0
63.0
95.0
84.0
54.0
73.0
52.0
58.0
58.0
51.0
69.0
110.0
127.0
53.0
97.0
71.0
88.0
72.0
58.0
84.0
53.0
50.0
89.0
40.0
61.0
64.0
66.0
46.0
54.0
57.0
94.0
108.0
75.0
78.0
71.0
80.0
59.0
67.0
75.0
73.0
59.0
48.0
138.0
138.0
61.0
57.0
64.0
121.0
51.0
116.0
84.0
51.0
75.0
56.0
43.0
53.0
69.0
66.0
62.0
64.0
59.0
55.0
83.0
57.0
68.0
79.0
48.0
140.0
106.0
71.0
77.0
55.0
61.0
66.0
84.0
85.0
56.0
82.0
124.0
88.0
61.0
114.0
66.0
81.0
68.0
61.0
107.0
87.0
74.0
68.0
146.0
70.0
88.0
75.0
52.0
76.0
89.0
81.0
75.0
65.0
81.0
78.0
56.0
53.0
142.0
56.0
79.0
61.0
50.0
114.0
62.0
63.0
52.0
113.0
59.0
106.0
70.0
58.0
82.0
73.0
103.0
124.0
80.0
71.0
58.0
78.0
61.0
89.0
81.0
69.0
65.0
55.0
73.0
56.0
115.0
63.0
49.0
110.0
65.0
63.0
57.0
114.0
63.0
98.0
62.0
62.0
60.0
56.0
74.0
132.0
66.0
71.0
74.0
72.0
140.0
63.0
59.0
63.0
80.0
82.0
67.0
73.0
61.0
56.0
46.0
78.0
77.0
136.0
69.0
68.0
65.0
85.0
72.0
88.0
63.0
57.0
63.0
75.0
50.0
72.0
119.0
135.0
96.0
73.0
73.0
71.0
68.0
64.0
82.0
52.0
58.0
74.0
59.0
83.0
57.0
60.0
69.0
63.0
80.0
61.0
84.0
55.0
68.0
73.0
132.0
79.0
71.0
55.0
62.0
59.0
72.0
119.0
53.0
62.0
50.0
59.0
67.0
54.0
111.0
74.0
60.0
93.0
61.0
82.0
63.0
65.0
62.0
63.0
61.0
45.0
55.0
63.0
114.0
110.0
48.0
62.0
124.0
123.0
109.0
131.0
67.0
54.0
61.0
70.0
51.0
79.0
50.0
72.0
98.0
114.0
57.0
83.0
79.0
63.0
121.0
83.0
82.0
66.0
48.0
59.0
77.0
62.0
70.0
117.0
90.0
79.0
116.0
79.0
124.0
79.0
50.0
68.0
70.0
61.0
51.0
72.0
59.0
55.0
71.0
54.0
76.0
88.0
75.0
57.0
72.0
74.0
81.0
71.0
134.0
63.0
126.0
75.0
106.0
63.0
66.0
55.0
72.0
59.0
75.0
58.0
64.0
101.0
62.0
113.0
69.0
109.0
123.0
80.0
61.0
46.0
89.0
85.0
88.0
60.0
99.0
102.0
70.0
56.0
134.0
59.0
72.0
58.0
83.0
73.0
58.0
70.0
53.0
117.0
60.0
114.0
105.0
59.0
49.0
72.0
58.0
105.0
46.0
63.0
131.0
66.0
69.0
45.0
67.0
108.0
130.0
43.0
68.0
79.0
63.0
108.0
52.0
134.0
58.0
103.0
64.0
82.0
63.0
63.0
55.0
65.0
67.0
113.0
56.0
66.0
71.0
109.0
105.0
62.0
81.0
72.0
98.0
49.0
69.0
74.0
60.0
76.0
118.0
50.0
109.0
84.0
133.0
67.0
91.0
71.0
46.0
74.0
53.0
55.0
52.0
58.0
95.0
114.0
109.0
66.0
57.0
69.0
61.0
52.0
51.0
49.0
69.0
71.0
65.0
81.0
81.0
70.0
103.0
79.0
84.0
92.0
80.0
61.0
76.0
60.0
95.0
67.0
76.0
66.0
66.0
121.0
70.0
114.0
64.0
67.0
77.0
57.0
103.0
73.0
86.0
55.0
85.0
72.0
58.0
148.0
57.0
65.0
46.0
48.0
57.0
117.0
80.0
59.0
80.0
67.0
62.0
64.0
74.0
50.0
59.0
83.0
65.0
63.0
67.0
105.0
60.0
121.0
62.0
97.0
75.0
72.0
53.0
111.0
58.0
48.0
129.0
67.0
64.0
60.0
57.0
63.0
89.0
54.0
117.0
90.0
65.0
128.0
93.0
58.0
124.0
61.0
107.0
115.0
70.0
68.0
66.0
70.0
52.0
59.0
119.0
69.0
48.0
50.0
127.0
62.0
142.0
69.0
58.0
129.0
63.0
63.0
52.0
58.0
86.0
47.0
64.0
76.0
133.0
64.0
80.0
61.0
66.0
114.0
52.0
54.0
57.0
62.0
75.0
78.0
69.0
69.0
61.0
64.0
107.0
