0.0
0.0
0.0
0.0
0.0
0.0
0.0
0.0
-0.16075800708491864
0.00010993156352680854
-0.00010508177445360012
0.0011243492920387074
-0.0008161733370203528
-0.0033575751404769246
-9.994430433426147e-06
0.0005009996015093936
9.924019248977868e-05
-0.00023475709122985103
-0.00011616763951439852
-1.4154280104607373e-05
0.0006992137273883381
0.0024542104372314
0.001971788865092747
0.00018438597256979297
9.084152139586362e-05
0.0005543222469409253
0.0036209961272918407
0.004905530342499177
-0.00024333852179610226
-9.474754886463634e-05
-0.0008354755167849272
0.00030191725745969995
-3.4225345090840234e-05
0.0017051546090737248
-0.0009653426380142457
-0.0014201318595269278
0.0005626890197431504
0.0019254919211008927
9.847770576206489e-05
0.0008170754848723702
0.0002652450256323245
-0.00043339997938987557
-0.0008134418039578048
0.0005158111648433904
-0.0012468689153602088
0.0005753697211819516
0.0003272782031167713
0.0005475548532985399
0.00046241304436864364
-0.00044170166287839884
-0.0018221635157307258
0.0003859033941672779
-0.000745001236426214
-0.00012281803747812465
-0.00031561553004248646
0.0025171493824068776
-0.00013548067921941942
-0.0012280114996368419
0.00011050449877217688
-0.003935108504207701
0.003581332064705355
0.0007843220414264588
-0.001209802482972964
-0.0011161760878080414
0.00014555349956882972
0.00043160834043319036
-0.00012184215121997924
0.00022054749845983794
-8.24342186051864e-05
-0.0001222045351817779
-0.0037787832587661153
0.00272120030003606
-0.0010565872214410809
-0.0008379268188733143
0.0006541743713972784
8.326019230304431e-05
-0.0008323695788434814
-0.00317874229552544
-7.678117478570924e-05
0.0017047674048040612
-0.0013782749456017055
-0.0020530516142638106
0.0002536604821325342
0.0005472870045705609
-0.007399273011987689
0.0013837058400126068
-0.005191287622810833
0.003023687762834233
-0.00338818193756851
0.0018811594093552236
-1.6153885941182537e-05
-0.0007330640481413086
3.6436567822309826e-06
0.0007368398196758943
-0.0003382750695844975
-0.006636422599883385
0.0072183155704846
0.0009346883401529534
-0.004286313713176815
-0.0005303151378299684
0.0007111793011064499
-0.0038645274746235097
0.0031491968292117934
-0.00020521816120709654
-0.0005392516397863142
-0.00017927353584703556
0.00035641664781909413
0.0018391739741682295
-2.3537989606942936e-05
0.00025101194591158884
2.8295804845057936e-05
0.00015422981363474384
3.061098472712121e-05
-0.0002760929835948449
0.0034039660822856237
-5.9403828023496333e-05
6.606841152811346e-05
-4.082039463889948e-05
0.00023231700146810705
0.00012108948168955553
8.46336698334333e-05
-0.0003195570865009078
-0.0004277357277752991
-0.002134557079892811
0.0011769419701873674
0.00015441865381976235
0.0006650253745005349
-0.0006534925162861072
0.0005736100780936363
0.0008043503960668348
0.0014595412812890797
-0.0007052319163329501
-0.0009907701561784115
-0.001861293129043721
0.0028332814715339976
0.004480115441028669
-0.0008211731693743435
-0.0002964859477704866
-0.0018686338238128777
0.0007577609572618546
0.0018738247216303168
0.0032179308397070716
0.0006097335831197419
0.00035732432144332097
-0.0017607022904982995
-0.0012107771833123925
0.003410895955894803
0.005599483472235625
-0.002237842351244858
-0.0021997029041901065
0.004647260076054592
-0.0037621273515663608
0.005623064594601733
0.0035345349655162926
-0.004155012262664783
0.0020652374238632636
0.0018788207548718352
0.0011332845801984453
0.0009554024044543856
0.003884475923111046
-0.0013705937525299993
0.0034467257263170346
0.0020428904655232665
0.000773316692929892
-0.0025155869720424823
0.0009039280787030737
0.0023494338666550344
-0.00048127822306905864
0.0006617748737625682
0.0016543886613049755
-0.0023864513846639283
0.0022934666392728956
-0.0014214302579158811
0.004945719821291512
-0.0006053241707037856
0.0006802170612791002
0.0010586149829789615
0.00038487778673006526
0.0027530652509303232
0.0003379024651750302
0.0007811128667959274
0.0002844765438197942
0.0035239931006971112
0.0005093418801264423
-0.0023316716282095074
0.0018117657157528933
0.0010297141709952752
0.004120850947685524
-0.00012115814522038583
0.0017319769182777374
0.0010296559740790234
0.0016327144889364403
0.00041322372147588825
0.0021265492775352697
-0.000518887536909564
0.003170681181661595
-0.0024690286616489455
0.0004733516642582627
0.0016192897200023192
-0.00098326147641433
0.0008577439514117692
-0.0002869627781415431
0.002585541619118187
-0.0012967004005112193
0.0005943634219843491
0.0007486058315904167
-0.00024734543845812744
0.0015176448536355037
-0.0013108526850631028
0.0006340149409670081
-0.0031464574529305065
0.0017351472371473801
-3.509422941828915e-05
0.0022247087879704993
0.00027796010202926644
0.00041959426211461015
0.00020279256408648792
0.0005263408806707732
-0.0003211579728276052
0.000446068102284865
0.0026856119929994666
-0.001625133335072605
-0.0008140154910386485
0.0009395002376447646
-0.0015136752950022222
0.000812911424598224
-0.004506219148598226
0.003235920100014708
0.003652915197656952
-0.0017268388014012985
0.0007182897185772762
-0.0005065562388435449
0.0014274277206611278
-1.1348762821285953e-05
0.000516431275544974
4.136555589142219e-05
-0.0033746824427156883
0.002363953011364649
-0.0001470976784850969
0.0030989128401342223
-1.3732293399752222e-05
0.0021172064721531724
2.6131159288130982e-05
-0.006216020474969655
0.0005882760940422344
0.0006039301377735225
-0.004832778869498037
0.00023203090819205968
6.558164707767976e-05
-3.5989845583969615e-05
-2.5332371136153752e-05
-6.915245109694642e-05
0.00016798788348093552
-3.385114419053358e-05
0.0004368177847083216
-7.953319079717094e-05
0.0025404346829184794
0.0010962533340530692
-5.9151027537280124e-05
0.0015005645930318396
-0.000814796802119495
0.0029052279739901587
0.001199419840465329
-0.0029813083693345527
0.0024073099015743046
-0.0022127142339569373
-0.0005270312258899709
-0.0006212805406409972
0.0010737582437425227
0.00029496932429164184
4.5225259449321193e-05
0.0001500028037019735
0.0037287604414666746
-0.0002497543400994186
0.00011900867357456171
0.0006054027897393727
6.358333673458137e-05
-6.518446950867423e-05
0.00031895795017646163
-0.0005906199139352103
0.001022904301714024
0.0010974865068678953
-0.0019064773338840315
0.0041721066012318595
8.637750392094541e-05
0.00045922855010182813
0.0006242031144493947
0.0009773242656698031
-0.0003708883235842296
0.0023802653940827767
-0.00024552881061478435
0.00214567350902277
-0.0015118826496139154
0.0032706026347605523
-0.0022216240277993958
-0.0006785695251707549
0.0022191627335963965
0.0015275163203977429
-0.00238535277700262
-0.0002699327046693542
0.0022211186314900454
0.0007765979546149651
0.0005495910667591153
0.0003840626006185041
-0.000684909849366341
0.0036995810479931203
-0.00018843420175420077
-0.0012626564873332129
0.0012676161079249338
-0.00045366282681950855
0.0027417315791810597
-0.004257607931919525
0.00030689978478893123
-0.0002582776013179039
0.0010920227573285105
0.0018312459195987197
-0.0012945607366101986
0.0008508157377576947
0.0018299543395767983
-0.0010552308159352418
-0.0009987408186913978
-0.000590398305960962
0.002830107019319044
0.0001956091838558849
0.0003427747916173362
-0.0008080834605057725
5.46186276635083e-05
0.0019009552924711506
-0.0009263897026940949
0.0028326168504625394
-0.0009160529844200973
0.0023871790533639826
0.00043573144192277286
-0.0029367942673206478
0.0003750912799813999
-0.001650736535411397
0.0041069770092304675
-0.004115612069275216
0.0010588915324716095
-1.000505637372532e-05
0.002302357678433915
-0.003530515990856586
0.00018075186555240714
-0.0007114473136230049
0.0023503402654373126
0.0006948939979224342
-0.00024036019413049543
-0.0008690430225763807
-3.727651375693493e-05
-0.000780800692835612
-0.0027569224480288234
-0.0006279410375331528
-0.0008624198348434342
0.002300288502981347
0.0019331172232004918
-0.0018369145948913172
-0.0002519946181363797
0.0006660472295573406
-0.0020550876803857795
-0.00043859835517806985
0.0021986399067513065
8.455347341771234e-05
-0.000599260031480557
-0.0002293301296217346
0.0015393282070191683
-0.00040946172062621594
9.497013181942813e-05
0.0008009800457358154
-0.00199451503687055
0.002107740063728764
0.0019173488085383562
0.000829952417037324
-0.001954971713070716
0.00342667032349397
-0.00562613673016202
0.006358263933605746
-0.0020776336888970784
-0.0002828225455366945
-0.00405744822585663
0.0031625506115956874
-0.002857183437122164
0.0011053075935565215
0.003702685659878548
-0.00345445337160323
0.0009608685440143492
0.004775817570593122
0.00015534987932510383
0.002193441195236938
0.00022337192476021856
-1.1221832894110482e-05
0.002462072560547453
-0.006324268446760198
0.0027709418396122043
-0.0005964956594154431
0.0019385187852938087
-0.0033258161796275608
-0.00029477472157472774
0.003940405907905971
-0.0019784520086047093
-0.0013639017163638019
0.000870131543411703
-0.0024212808722871787
0.002080324431050672
-0.0045051464790475376
0.0009199757582711935
0.0019283349317144234
-0.002382898621502791
0.0036157850771938926
-0.002603379187695271
0.00023786140310444898
0.0013939106753094615
-0.0029914525985343244
-0.0026904097225391105
0.003502447726406651
0.00042248921993157676
0.0010881994603472302
-1.3006102308135886e-05
-0.0020471043512860286
0.0012474643305127914
-0.0014482199586749822
-0.00013364882216656884
0.0003964733115680173
-0.0029584848854980793
0.0037494046273387122
-0.0007326607783908411
-0.004497133523368749
0.006893510487733683
-0.003273623308049047
0.0013157924287141977
1.3640427741229075e-05
-0.0001631694128034694
-0.001481822015083824
0.001084473219546084
-0.0005781808702435872
0.0027448380405407052
-0.002103823005296725
0.002515956638389575
0.00568610024195088
-0.0003353983843074187
-0.0003131823096698998
-0.000145327736807779
0.000198848807702928
0.0005581645284480082
-0.001518668319135379
-0.0036115884841292525
0.00267615483784767
-0.0011542041301337521
-1.7897025758012434e-05
0.0002787852891920988
0.00010611719873666988
-9.453634875791001e-05
0.0008140611971289955
-6.50399132636765e-05
0.005088884658007539
-0.007130581728853037
0.005612668315933043
-0.0002446538513952237
0.000765246157728758
-0.000509429441742487
0.001526834373084663
-0.0032513122863092017
0.004037326427528199
-0.005423519857474542
0.001967740644315156
0.0010460489358938433
-0.002389531588710259
0.002662648518535914
-9.591838902716708e-06
0.0005957902317032737
-8.498827895624175e-05
0.0012067224423397108
-0.0016560481943725324
-0.0013124504234897775
0.001913184938560882
-0.0014876927824724819
-0.0017913585675466842
0.002007344433192322
0.0006450938067260025
-0.003650443642839434
0.0023742822157369393
-0.0008655922812772562
0.002508856633180029
0.0001525579419911649
-0.0037409370789819475
0.003493544963066835
0.001556494831815362
0.0004815754105504422
-0.0017662883460424857
-0.00012446900543647678
-0.00048519003081837995
0.007083451347293345
-0.0027810449744792285
0.003128968902693977
-0.0019728034615330535
0.000249458733394708
0.00048733273462239567
-0.0027734611052479515
0.0023032399241199064
0.0021004403161809923
-0.0016571727257583427
0.0032162128562885925
-0.0023030104950023536
-0.0006088451271579862
0.0030359317614250367
0.0017274438309036945
-0.0015331680740252019
-0.000895245232351116
-8.833821988670993e-05
0.000842939345289573
-0.0033025308074677126
0.00990302716792688
-0.004333653663766412
0.0037455725485443167
-0.00475682671727399
0.002130184970397991
-0.00033554058954245555
0.0004838705870525347
0.0028241419183594766
0.0008990410833057428
0.00365283123544493
-0.0061986205152973085
0.0016849238996438805
0.002663402681998504
-0.002458870941131111
-0.004545982175505572
0.002332534286030471
-0.0029118509368679323
0.0004978179138523679
0.001635974660469291
-0.0005893543050681458
0.002491621393293492
-0.0016742964646050934
0.003042898327803704
0.00033790968269061065
-0.0013047612366388645
0.0003085179306235729
0.0008644777062882449
-0.0027867593828787723
0.004900252910996602
-0.001387975196980853
0.002831320484377061
-0.0012237107908253492
-0.0017358761418804244
0.002790334019494222
-0.0019374991174949728
0.004877352901642304
-0.00016088457408027006
-0.0016894584670919734
0.0013322625558941652
-0.002855194235561945
0.0007288626326627801
0.0011692554299036315
0.004039233447843881
-0.0037955635574831435
0.0005729254926952848
0.0005393391264695197
0.001358771546887847
-0.0027712543486064813
0.0028579855666868116
-0.003334967418093931
0.0031364507424419858
-0.005797865950180465
-0.0019335595041515864
0.003669607261177034
-0.0011734893791290552
0.0008606420169164106
0.0016225058967992269
-0.0011939376156888573
-0.0001308335609225952
0.0003397717524207544
-0.0004886045227569392
0.0002767321085228509
0.0015248883436690531
-0.00037003705860203195
-0.0006145725459371636
0.0005029920395714245
-0.0007696979323710773
0.00034776412864540815
0.0004874954533615695
-0.0015551636472064382
0.0033696524888501287
0.001069563030668934
-0.0005934775067740625
6.899979831239608e-05
-0.0022771510944853365
0.004760337069734283
-0.0035887662864203087
0.002856049141100235
-0.0037133827777284883
0.005361868883718047
0.0003859167374781509
0.000891559621462235
-0.0016394787682994516
-0.0017014186485816137
-0.0074544287983910424
0.011971185122633553
-0.0030874496851247156
0.0003410226407951087
0.00039210046885175076
0.00034494496575382307
-0.0004965094821767109
0.004507634711106543
0.0018880146496395823
0.00038706251035701953
0.0003001873872748668
-0.004290586033992537
-0.0009521042129566348
0.0037716944224498333
-0.0012058549368184357
0.002563391935183748
-0.0025994787486278014
0.002432572310995758
-0.0036361642600058245
0.0016599363059740793
-0.0007374196323138865
-0.0005936501952441883
0.0004404702048196676
-0.0026874272628009026
0.0014594059905955424
-0.0005689828515395368
-0.0023401242853176903
0.0023185407288258612
-0.00039010633291987416
-3.576868244811261e-05
0.000313714591428376
-0.0018598547549019168
0.00794503919045022
8.57133147083875e-05
-0.00012102399324306644
0.005150399724658632
-0.006293616739154072
0.002601657095665689
0.0014847839190916595
-0.0012190166927554074
-0.001769151766071743
0.0006444922431816276
0.00182723379659989
-0.0006106424719649813
-0.0015811462720928286
0.0015746293635639967
-0.0017123356999256309
0.0005603678530981721
0.006500889941328951
-0.010085805367096594
-0.0017299366637680946
0.0012796036700150064
0.0009825713123893926
0.001785622557744358
0.0004292465046187002
-0.005831716429216019
0.0007100235881634861
0.003241979860165643
-0.004665157884592019
0.0035915824804154005
-0.008249499987036859
0.0077021900392330814
-0.0034815241763688815
0.002954347330661361
0.006871360089118019
-0.005335796121926398
-0.0021640443619496495
-0.006853809059818654
0.0039125203967766186
0.005760247926077837
-0.0040927046622862544
-0.0030882760796249044
0.004705552240608052
-0.0019921901884670484
0.0006519078094135415
0.0006462447170319423
-0.0031477146799799758
-0.002250080973434064
0.0023883236145381464
-0.0005063822945654238
-0.0018726766875863477
0.004755515843427974
-3.626691741210846e-05
-0.00037749031043042786
0.001090993542083465
-0.002816620768752291
-0.0007300428649391521
-0.0008511919853225823
0.0006521739436582285
0.002892730320620003
-5.108687519980433e-05
-0.0004783060591479239
0.0022683000174010723
-0.0016876667496043246
-0.0008243499575406407
0.0015201184505459313
-0.00032641280223307635
-0.004076194667864349
0.0027021718104678107
0.001820108870227269
0.0006661859351244857
-0.0036040069694635245
-0.0002011058950634881
0.0031044546649251774
-0.00027439664166275645
0.00018948444475152653
-0.002065218394552876
0.0027573891995447794
-0.002369354610699182
0.0002560496298925406
0.002911736812705574
0.0005628974012949763
-0.0002574454273617861
-0.006787335863097734
-0.004071649613080626
0.004296600867980561
-0.0003128681923153021
0.0025595136125768445
-0.0040118493170261645
0.0012249063658596314
-0.0025275504430268716
0.004334671823390445
-0.004021515226127464
0.002273339910638227
-0.0015734102926042042
0.001377134257883079
-0.00023276016737445502
0.0017580501634312908
-0.0028941567952343403
0.004545032458923434
0.0009319661891645596
0.00033973404070664515
-0.006036538414407082
-0.0018533461000487545
0.007507824846102878
0.00020760730373022641
-8.265739225295228e-05
-0.0009876004257458534
-0.0015558685899041528
0.004659864026001218
0.0011413679757129255
-0.0018599327835241988
0.001077324672109537
1.9957061137555222e-05
-4.687660826214706e-05
-0.003860589116643749
-0.0012421307813824645
0.0032338694725658475
0.0005808688792617219
0.0010489770781440793
-0.003797331399468322
0.00028497390369002006
-0.001001438542579916
0.0022916608927018084
0.0007750136957109451
-0.0020481420407452724
-0.0006258022263173554
-0.0014173936766621838
0.008884138213407203
-0.0007624853355839852
-0.0008287289975313844
0.0004742652807809188
0.00032023681570206617
-0.000547001646258427
0.0015674240344930414
-0.002256355259552616
0.0007690915600304633
0.001985637802464161
-0.004858570420453687
-0.0007497953367741623
0.0004506675960466016
0.004622664376636732
-0.004025301018661771
0.004315400834802303
-0.0006250071605862369
-0.00010829996618385287
0.0003981471989422556
0.003346600293358216
-0.0013310292912577018
0.0028989385804396185
-0.007225174419290785
0.00044636825475449375
0.0015469093335446203
-0.00041731278602830866
-0.0006208227649318792
0.0008238578165910604
-0.002479180231458154
-0.0020093287941602917
0.0001923048404701633
-0.0009163684112662358
0.0017769768846695774
-0.0024076859685886287
0.0018206536770632889
0.000766618089295431
-0.0008751421462400797
0.0001326207075447779
0.0013576261517643145
-0.0007795195702946687
-0.00465436556315777
-0.0005236013689005526
-0.0012534210370185584
0.00026703019082911854
-0.001307978581507863
0.0008040481010009846
-0.0018353185320709987
0.00021247532087735816
0.0026753699074234657
0.0015911316817810396
-0.008074965765446435
0.0008454536743710071
0.005571468809306578
-0.0004005355918314646
0.0024419579823920312
-0.0035910778127037843
0.0057396745612474315
7.442038310492217e-05
-1.2985033614441116e-05
-0.0001877900611346029
-0.001858181733351005
0.0017673647694979673
0.000992967320375925
0.00023897309887447994
-7.643783894166924e-05
0.0025198526333103134
-0.0010831430144409885
-0.0010845239279696382
-0.00042124343565450847
-0.0028544514795286863
0.0026099266530338417
-0.004544701277012093
0.001714452096489857
-0.00018206866396623433
0.002016618600267257
0.004110577627888259
-0.0007743697187792797
-0.0006846472885565783
0.00408555327997924
0.0023280910094384175
-0.00033377493809032667
0.001321378922540434
-0.0013704387592271378
0.004248767275364189
0.00410733278815751
-0.002695540167310929
0.000999327606287144
0.0007504389614732942
-0.001048445796665603
-0.0026218666977836074
-0.00035599593614944194
0.0013248125573413405
8.220765187379947e-05
-0.00144066621543947
-0.0006352653982637237
0.0011623416764827835
-0.00313715917942411
0.0029613695576014573
0.0011268616565172013
-0.0009008263273926654
0.005968765261264054
-0.00038559342794878366
4.979036524503958e-05
-0.00033294565086817193
0.0024524131399918827
-0.0004652213138306787
-0.0004240321984229872
-0.0030933056921073343
-0.0008824259413086231
0.00381531556033572
-0.0027678151116379748
0.0006619908701248668
0.0036291675334921077
-0.00986025098891994
0.0005059985692502683
0.00022417537876374646
0.006349415330350909
-0.00827748563918819
0.00527133751079504
-0.0016555739977445103
-0.0003570045274147625
-0.003405444914350178
0.005706561939291581
0.004742931049086067
-0.00237542032637705
-0.001497315215057602
0.0040442384464472545
0.003991571909386773
-0.006568794091192132
0.0031197587496671663
-0.0012358299252892523
0.0029076986913294583
-0.0036700386770764223
-0.0038320756330666853
0.006910072072989435
0.0005645154911078472
-0.0015162268615154853
0.000731506735123481
0.00892776230221476
-0.003197078055698808
-0.001006486723720058
0.003393921093595661
-6.259587337713455e-05
0.00025547132865578424
0.002123439213530357
-0.002387951577290371
0.002798807437403626
-0.006437996369283116
0.0052235210139444975
-0.0037654951559025827
0.0034665502760080702
0.00035042468340542286
-0.0010720702165330262
0.0015776410481430775
0.0007090999629761636
0.004337928535242466
-0.00222814751350889
0.003753931327454151
-0.001161375272766217
-0.002566121050299573
0.001985637118513312
-0.0008322687601435609
0.0006353778301323539
-0.0024362999070617996
0.0028333522532581036
-0.004801817221099227
0.0037399893147484257
-7.67962361006378e-05
2.69079033493045e-05
-0.001330567011448259
0.001053527566490736
-0.0008510381067130926
0.0002825233766637636
0.0003187226155308386
-0.0024666741214039445
-1.27992908801675e-05
0.0006295791064296644
0.0007785153724151746
0.0029318691864171575
0.00021468394706403455
-0.0018421482215797216
-0.00018869601136424963
-0.0012145653090645677
-0.0024445616598716678
0.0016701372558301317
9.897715154123238e-06
8.204712669377069e-05
0.0038419120712477723
-0.0012306518558140062
-0.0009722169917914587
-0.002819481259798873
-0.002239105730518246
0.008516640431861124
0.0005808817158518719
-0.0025415608889313096
0.0011294356802427632
0.0009366252904446888
-0.004461593500339027
-0.00047107618760733376
-0.0005320324061982151
0.0009586963240924181
-0.0018826810084817845
0.000999816414401486
0.002593340132828175
0.0016086872367829348
-0.0013318769581553865
-0.00021674667821591843
-0.002875512649933185
0.0009153209119489989
-0.003723129994670145
0.0025210963496876946
-0.0035672344645307054
0.0011095824524462567
-0.0003397406330731188
0.0018945911670965648
0.003487169472241668
-0.0017058018057945613
-0.00040943947995792615
-0.003798495576179234
0.0039635638556461735
0.0015533947769294377
0.0018268384817017992
0.00033910825793479426
0.002456616515437395
-0.00185544229075787
-0.0006580566838894254
0.0031670921950515793
-0.0012209187870431185
-0.0004900918879944006
0.003953088678046593
-0.0029914891455618763
0.005065667439270592
-3.504766115769094e-05
0.0022096025491924564
0.002087961143552152
0.002147226538137675
0.00015394767345701616
0.001901536080747693
-0.0006290159665721208
-0.001980380648502423
-0.005012736943595496
0.0010163382162938234
0.006149962199580951
-0.008440237359516477
0.007192544596507791
-0.006926777792755701
0.004330131773077678
0.0011098830532817203
