0.0
0.0
0.0
0.0
0.0
0.0
0.0
0.0
58.957389781549026
55.900018775362376
39.85614126352939
42.27029660222906
40.79508241172291
56.22076915410942
51.21044764923679
49.459331762447626
53.46449099937249
46.409270212408416
35.44803873391924
40.7882645474293
53.52687843042148
54.91442864028306
53.883965205094675
63.81184711929275
69.08043276369722
77.89251503733874
76.90292273363237
72.88456450988221
90.59203856267351
71.95712664774803
106.15892523866142
100.12266081155904
102.58131330443915
104.1317418165952
121.6979789470245
119.05932060093987
119.93767364590596
122.49384335314683
134.59891354965944
123.04138302695931
139.7290747380469
151.37432794209428
147.69242136164254
153.87167171443014
164.4989992025124
160.638326543011
174.742457251251
166.66105116255267
177.71845369910056
186.54282635812933
183.07274315728486
190.12857948530757
196.32930129051584
194.90415608715975
203.37377884699902
197.2822884607602
201.7091761189498
211.5916239368331
205.19464800587693
212.935252737941
212.05071130677706
222.91499829872254
215.2857706129054
221.70261363761736
228.60714333134686
221.57151992242837
227.18002288658982
219.7881027215034
221.6579037798823
215.61589911074637
223.49776756848289
215.4935234622372
225.22150613464038
221.5230172429704
213.02307459693066
230.28330422693966
237.68474168071344
232.99883491218944
230.7997700567146
241.90583150856202
239.98634352945007
239.7804604672955
238.03325829632848
243.93283528977796
238.4071869103615
247.91155001517114
259.7855995333267
256.6840573408688
253.42197644233462
272.73506444656937
245.29728369569003
253.33825386469977
262.62245501424775
240.5363479419807
244.5140356648531
258.91799930835583
243.49032616990354
252.03815150010035
251.4581928827505
246.68363121482187
276.4716613550529
264.03808108471276
248.07535038745266
249.25743485806638
214.6179226129912
187.41446281059706
174.2567495071485
182.54254053944544
182.28701459504128
186.4807192435047
187.23934966970975
183.3108029785009
170.9744338328093
165.8395589426676
174.44585410562797
167.35948366348086
162.84411211040364
156.85129917517864
149.54681379240992
149.76039660691464
147.7387505835148
144.2122432458994
145.08507781122847
147.24170580009135
156.01958110908274
153.2121735747854
156.01004396555666
161.65961373242453
163.11772400658938
160.7492508896818
160.98544867335562
167.97912959057808
180.4746655276202
157.21848532892895
156.96443059668906
155.38518151936725
179.00187410109857
170.11733219702788
168.24294642673203
179.95970631830377
196.53951586739683
163.51242471455893
191.69384651546656
186.24893121349413
190.43008312146216
173.61837870099728
185.4592674481643
193.37760271393384
191.70214443987734
205.1210639172161
191.39112910877714
191.03348745356814
194.24265753204804
200.81340772917915
220.348784300894
202.0075341390137
200.78899994054387
209.33651312051592
215.51947237529444
207.8008916922599
215.3276736595502
214.2444003270251
221.01846682878286
233.32262711670646
233.92838862850138
236.43956065579255
244.82946488878358
228.150640755741
237.4342518965104
251.2955154564514
244.82259332060184
247.48784390649533
251.85421612010092
244.79199769548927
262.5683608391714
246.84674822463137
258.294176970804
254.6338308306467
265.5917595179258
258.6977694159687
266.224243241614
295.402266079139
269.80425874724125
274.4228156999299
266.6623773233897
272.78687064917716
282.4827371138182
282.9731664550504
286.4200967558231
291.6758144076349
289.65823729929656
274.40775972128256
286.3481047543925
274.63226134178086
307.41628567891877
310.07620968573127
297.3707591566712
302.5030769866982
298.81972752556396
309.36365872713225
305.9966407171104
301.4456301060417
309.47104310723137
302.15482970134633
304.61868521424094
301.79047375370084
304.7730558417433
306.5217561767507
309.99844258548757
299.69113692391096
283.32715900540614
302.8717028510311
306.8875971454786
307.18314753780675
303.3339925847652
291.55651874673333
288.3051327915237
271.00166784714
283.30643749404607
281.93115071670974
281.10117278035955
281.83232155505397
285.883425733962
284.79596526664085
286.4857136772392
290.05311856166213
286.0088949502848
284.2511135748803
300.1064045181667
296.0745696433856
291.70405303379454
291.59537465959903
288.0578762826404
308.23162029724983
295.8281213513246
290.47094925590426
289.91357696874724
282.98441667589435
288.8180235019852
288.9625120517374
278.42761669385357
266.7885807706991
269.14753296964096
289.06992362682684
271.419526299856
273.5655628956317
288.2839680994419
270.41040371665247
272.1066528756854
259.3323944449556
254.31371612907606
247.45004695557688
238.37504566267242
236.658156944558
236.3262845755186
236.20595269471917
237.3408834934876
230.59655216215532
236.36990724888744
229.67775074898617
232.55318530201856
259.0344975605463
243.44685511173694
247.273889395707
243.2984657318724
252.77390475528833
256.68154210222053
261.66734970043836
245.46829017460817
246.87401224297693
246.66638418348072
271.0852321611668
232.0127060178329
242.8619841104763
247.27141851602198
263.4992904944728
247.72707752987537
242.4154537974785
241.59410529441772
237.0926715688658
255.93277205922737
266.89239932405417
237.76548171761965
245.11894266927177
249.72529622383345
254.03315952057326
266.1151583501811
253.59577367273636
247.73932118770267
258.4016788352876
261.5850130339095
274.46320229186085
249.57976386620408
270.07752107972857
253.64780758835673
260.16460438500184
264.80050092967343
254.43240572646425
266.94195989396945
279.2886076572779
285.1717538449265
269.55100613630725
272.24315844900246
275.9980831811444
282.0881774911446
290.97788835699816
273.2430798156959
292.8105911888014
283.5315066230733
286.17305600193293
280.4263564495271
295.8625531252498
289.66984576613044
293.4206119493713
297.0255783549544
299.3138667813526
289.7849408954758
294.58855343548873
275.94351543569303
285.0672448979631
266.1353615893724
293.488968695752
299.7724493957645
289.8385431224503
290.4487498112875
276.8021859684577
290.0341292361708
286.02256963955256
280.8335905968665
300.0529292371296
305.8482957734376
294.385334093077
292.4968685621402
312.0148741148776
303.28865626558627
307.7992860369577
305.9713362547365
285.4083880362989
295.9470103255467
317.7025965837222
307.5316720666745
316.03449898893194
294.88496349806985
311.29810902272874
309.0245076454043
318.0511570167442
306.5844327949856
304.5657554969553
307.4000479501575
296.4619582608311
315.0946250459317
306.8196456267771
312.802058912285
313.7815891101634
296.6871110243869
303.0729758415798
299.11080119131947
303.46774306695704
304.56337361411124
307.8443714497716
302.09008377133057
305.56043391211807
305.49011702964503
309.89368002945525
306.6597532624875
311.86806028920495
308.5262245550102
288.80776187387033
292.05544561371755
290.6791183868272
315.4578262360402
311.06181076699073
307.90222913009046
316.3976668054409
318.2019215845829
316.21932286714986
322.05112745577935
324.7663175136077
328.878379008538
302.6080667092049
315.5571224561023
306.7388614148171
317.8399954277849
295.99772225729885
321.47207971806216
310.95734662067326
321.35176374808566
323.22092494802035
302.4424845254592
315.3162141468597
315.4731050951575
329.4128899582342
319.034640603948
325.52674556848666
320.42438852574924
333.3526499242799
326.04129213070195
327.5992912748913
318.9774266051415
308.65224453091747
328.1452664006395
342.4028841712358
332.67085764969005
312.6528568878757
324.6544486250802
305.68195807125306
312.99735663997893
323.24696885319435
330.86418356333553
329.0320497956634
316.1554443410644
316.20449147714436
315.85891463251835
313.28756955720576
319.39752264861437
329.8720174293098
330.87629923971116
328.52464286773386
320.7846637562193
337.5655820170495
326.7934525562469
317.93091684541906
348.1570874431119
323.9923466119683
347.11074114905904
331.66897427107153
336.2128347309199
333.03322618274666
342.6229660380535
335.5804143557118
329.290569577347
344.017964689465
334.49951423520326
352.0779394237682
333.77888483997054
358.3759151057566
350.47444248266294
345.4214903075166
346.8582876954717
338.4548297590034
344.51022381757963
337.0847107090982
331.24018497099576
339.9932271083771
330.32843554289434
333.27805852733906
330.3907271398189
316.84676443556907
335.9180945423255
339.3599340513085
340.9461608911533
337.33386480218496
333.54014508693353
325.51720784958394
346.20792109904113
358.10987153126484
338.3117796240745
334.3763432571589
339.818178276638
347.6462233373896
342.9831427039266
338.0602806150101
357.59278878451414
348.95133409147604
337.0895668100166
350.8233637268936
342.45182751041534
345.8355593860773
335.4071686409399
346.02470962215455
363.09063883267163
345.1115204788262
350.36262382571056
350.6325264134075
350.0858265201503
346.4221352259891
350.4861739884684
363.0633340589347
354.7618950305642
365.09682984488126
352.41913975126454
345.9079237484324
348.0877364423977
361.5270826092032
363.25247702163625
382.4425451211141
367.48594525566983
366.2846367976698
363.79244629043774
376.697650190612
364.5160029553229
359.34850477373146
383.85412047866566
371.83472306406867
382.8470721645438
361.75368805090415
380.0557012997385
379.211281460329
370.09422006403935
376.68380515007425
383.09297069177643
387.93249243779206
377.54316876426026
390.0726524233149
382.65595486098266
386.74580657371945
376.486761156411
385.874941680905
395.1076320091293
380.5904627594397
401.2980942594999
400.95135989192056
403.1855385212564
397.89670384622536
398.55468096462766
399.9704816523089
377.6774109331012
420.4643200328611
381.9970822227638
398.27162704294636
407.69296439453535
405.8382240620874
407.0745633996658
394.606856124084
408.58285867804034
399.2720949046351
410.1360370226474
422.31385161582904
399.25392913110716
429.0980002135145
410.148600015666
421.13848793563096
413.8785450626321
418.38718650429047
407.12612465089984
413.8499530374394
414.69607828066785
415.1537112507264
402.66675318398023
423.80630379379386
420.4023396040153
439.98538129743133
412.49402583689255
448.1581280363069
422.58261826197844
433.2724631081097
424.79343191870777
419.96757303508156
449.8427709281805
430.7027013831168
436.6741523693476
425.7650693948248
452.81638441722106
432.2403428288094
431.9014171420187
434.36318751024805
428.1310974020727
420.53060277399715
434.30876521768823
439.47762953920704
439.4932845688905
430.41551636231685
428.9754283995809
425.43344344388527
453.89524732886383
434.9722668911221
420.28836493709156
445.77437844345957
418.5960814322212
444.90031957338226
417.49863208515893
431.4525262219133
441.2020694592732
427.4292885803642
449.6471391973643
431.3841780066946
453.70150535465666
428.3104479687075
457.4130707291836
445.4808138874701
451.8063511783753
434.6518924529699
440.27393732232133
450.5778243295302
441.4392657253946
451.7779451304898
446.788362063303
451.1352569942633
454.0531408014818
458.5656995966211
434.59744218970906
456.7848324033412
442.5692332579425
461.55305102019116
447.5734734189486
440.9857172994813
455.66311284156114
451.205445937568
450.9283450150336
438.2667252269646
435.81877453294726
447.5445696468207
442.1940311729702
441.6907348060048
450.66038507789295
440.50017820947056
448.8413821430566
454.78407240201136
452.6154756643933
434.2725639688427
441.6543568893304
455.18067017568154
462.27185622804535
462.5379688883623
433.4663762189305
456.5387199022671
433.8637911134565
443.0638802849886
450.0209598414235
450.84369802691094
461.6628026472759
460.8511535949486
451.7794124355907
444.60412419875877
445.77074114107813
450.0913687611901
444.5213162811486
440.7285167455247
440.52441806014383
424.2814494128829
420.9073534099936
431.3826076031378
422.0991820865592
424.0474499803667
435.321612754112
445.27534590637777
444.69448638802027
449.2840708869768
421.2221056571286
444.6607501726413
432.8030674088851
448.0285009668566
423.85932015218935
452.7103585765438
455.45404808823395
438.9126171896374
437.7812508431323
467.89971801231536
434.06868852920394
444.9875964189472
422.69277576892097
439.02448801727616
442.7059651312311
433.2009356650311
444.3625717776168
456.6414426920502
422.1057842278247
447.7917514558813
428.49557078829116
460.47995720910814
443.30810881482915
451.0057908798967
429.60917158816335
430.96950460861916
457.90182638737707
435.83955563633566
462.4387630637446
478.0191129437213
438.3934663727754
442.32460974233214
443.10853002427837
459.34774989941974
436.8821527613863
453.11543991753587
443.62320430985477
459.18022403772807
460.1431812393619
474.7789161748813
454.7515210513253
465.70799579334437
466.53120051757895
457.02343266650064
462.9374874855842
448.10861259223395
459.85578256208953
440.4717017685174
462.81702618678287
453.5993388814815
463.2787501438801
479.26774674543685
454.97006534658306
464.001265258913
477.14175549245834
473.9488440238591
463.96949365098254
441.4565154044572
448.1277892999107
452.44019475166317
454.8433318949794
443.61948470836904
432.3095598781571
423.2759752704293
431.77502511539313
446.7285505364998
443.3235169925109
437.5228085683968
450.6169300233508
403.36022963631586
442.0931261429262
436.1676754122797
454.728159814887
432.5070246637054
441.81079260930574
448.6909507096555
451.60246241500903
443.68510093113815
444.8605771230406
444.98089636995365
442.784202746911
442.97936511770706
447.4105491331647
429.2846326457776
444.38299926057095
451.9499106491232
440.311609209228
460.0917496130794
463.8603375656607
459.9891910440955
457.0297947888207
430.20649635139085
451.49326397097303
444.1846191717399
457.1846227710622
447.39509466362085
457.2394078639995
446.70258207291795
439.15875788454
451.4796870845105
439.860039385477
433.2514673014307
449.5709281099411
437.34608752930495
432.3945099026282
443.8402544532935
432.73044372982116
450.0702503263533
448.2947601900151
438.0743112158561
468.0095057593637
431.4931636798693
454.90240110885225
449.92899873025397
434.5782312170328
443.48162656871796
452.10318140103846
431.4788597506332
440.5261406179248
424.2296121100266
457.7420417766867
454.6067768403188
436.2872395993779
431.6305174384384
440.1797766109406
444.9672077437265
459.80550369884185
457.17923356825594
440.81488780986706
430.8256224508903
424.92010875354123
432.2386449771803
415.1521616065098
432.6279227521283
429.26992095525907
426.094406033388
436.23947734171907
434.03284442537193
444.89750129598
433.31614918149495
426.45824819307364
442.52769060804917
439.5906732747199
418.7250165537145
426.48347393639585
438.1660205384205
428.9429455151804
433.2061190373454
420.0398123521303
425.38604115400153
424.3926390919245
415.11603407378925
444.9800087694465
430.35816782349553
443.4451085134102
428.532037225786
439.45881490893885
425.8466980374991
435.6778950460377
413.8687195366226
416.11857632695296
416.7113535530919
434.1229032429396
428.1921056319593
418.6362973940098
431.7120833265736
416.940907773833
425.1368084203149
421.7740911763479
425.90868892168044
416.1576781174381
422.39900401731285
410.5943608179382
405.4741679821489
401.9694710637517
420.61180529601137
397.3419925810258
422.0872769859568
422.2131721127315
398.2366532605266
419.1149862239637
405.3474251269378
407.6149578210129
386.7237843202147
400.9034709234679
402.4969928907441
402.6940741482401
409.3931221519439
412.765950124683
409.48823491793814
425.0002519510319
414.1276030719104
416.88483579580486
407.90501762587735
411.1192993865094
419.600611442387
419.68683196715966
413.9363859661977
424.21582867796803
393.0252505049095
414.1979476064043
405.0875363045879
395.7186492155281
426.32986980078874
420.01043044706313
411.18041397967363
404.2216796647814
423.6365800905495
408.6119383793486
399.6079611983721
437.07032429735153
409.1939747441038
401.3271381268039
420.95991311945664
422.4823593183652
422.23824725539373
403.0262449823168
417.70390959263176
404.21841377758983
425.87952269800445
412.8871249046529
423.5974227394158
431.0772030918922
410.0208343581257
441.9059191803428
435.5430257739652
424.629211634739
420.16614911860387
451.6527714612422
429.67882978101215
435.0633648558065
436.5648613814377
431.2687534360674
429.65037270280794
437.6134868592335
427.58435129861624
423.0133804018958
451.50069651627615
430.37303210273
435.4595390450393
430.5504705658652
421.8682145257037
431.8606216374755
428.2746063892465
420.1474549848246
439.78473252023747
438.35164826633974
432.130802009706
433.6833984126189
437.4814237073144
436.0318137066753
439.3742631227229
413.0161716015481
434.86228730497
442.94672075140807
444.22617977925034
449.25423125468626
439.5689497666977
451.3795243764615
432.30139505305755
435.3002365878561
441.23578985145747
445.9621981983212
450.6358156865669
440.52901325037664
450.9976816317129
434.30007100700885
447.5242505962959
480.7921265212048
460.0750601622957
449.1383855675968
442.2199307203692
434.79038039355527
448.2766632059024
464.85815172306525
469.53885001880093
451.7288646225285
458.76093213521256
456.15998337600394
440.6374632792487
453.703600526974
456.2521337654573
455.2502844226496
461.4275990406766
450.5766317755158
465.36690068239864
480.6584987106294
443.6141167440182
472.92563425323056
439.88692507950884
485.05062200233726
461.0232144707407
468.21284459638485
457.52241002160815
468.78213901006933
458.7711750818255
468.2981868526296
451.1380509729364
456.8188642069384
455.479010628773
452.74384697645513
448.67227889878626
442.5875457460501
433.6845158088924
471.61652139249884
454.28941584080786
450.631347988586
459.22119918500806
455.86583188913363
450.9834597929327
443.78555965897954
433.5439639523082
451.78264307309684
459.29850647793256
454.6745069628425
454.14764613453303
464.2885672492896
445.2257461905055
451.6276253718846
468.6688940710734
451.4793530440133
442.2291138622863
447.9739339843477
428.0960277014623
445.6514931302451
443.5579466557313
457.3753215320449
445.8969035353559
432.0939953527416
454.23162168626305
463.0571012823382
452.6489033925673
443.0883496851308
440.53864534705116
471.01973455218297
457.5016522472211
473.53440359618656
450.49395031020595
455.397911783541
438.35521202018185
458.7209670437561
462.9024225854186
453.0479412935117
447.76539996535126
449.5183000477252
457.870124860418
443.790608929244
428.44512704348557
404.5268498348543
421.97316336535187
430.8107044615478
423.9841511332523
441.9599455465884
434.08636948418547
445.4204086282199
427.208501247536
424.5007818168191
435.1113125919966
438.1450857739694
438.87042077521954
431.13635750537867
457.2640694956627
