0.0
0.0
0.0
0.0
0.0
0.0
0.0
0.0
-0.2960836431337635
-2.4457239500015087
-6.292057766785585
-8.374751782890097
-8.57019694337764
-8.735192739641407
-10.788604319921896
-12.83296824472931
-14.176680660448202
-17.37819897592724
-19.453671801695556
-19.520241086180807
-19.636057102850504
-19.717833112642648
-19.88758616012691
-21.53576106920804
-22.803260347372458
-22.707740232527044
-22.809076798890786
-22.89975782299667
-22.68326748216984
-22.918312954308032
-22.77385624951607
-22.940497814516892
-22.91696592727357
-22.766133891484927
-22.713113574067428
-22.787439121604912
-22.493947036735598
-22.344596747805628
-22.00519955892629
-22.31949571596848
-21.933744041691448
-21.975752640551274
-21.900113607977335
-21.259365588295747
-20.914079711547657
-20.99173436272385
-20.445606701913643
-19.876193998191933
-19.319657753940145
-18.835841922544237
-18.94959643413385
-18.2873114177767
-18.03247621351163
-17.855546224211512
-17.21003285441
-16.162702742870977
-15.502234535518152
-14.864026205319643
-13.903116221099273
-13.138971968065045
-13.38854473036077
-13.020836973293159
-13.283828990478272
-13.13578051870489
-12.96213090859307
-12.720964423680844
-11.894131002995062
-11.69145483797607
-10.743843835732227
-9.008820007052643
-9.376291553056532
-8.455176920967903
-7.753428430680642
-7.925553767442132
-7.600250921292885
-6.8348325081570955
-5.631224341604715
-6.596315809918085
-5.972572622559341
-6.119621811384533
-5.899144312957529
-5.009889881908545
-5.180490381885329
-4.287491704580237
-4.469493676785899
-3.86200055360682
-3.7629650965264414
-3.1976699699144104
-3.268959651979856
-3.4248121549933597
-3.6747066451665416
-2.5745878487875697
-0.9724679666003432
0.28611726623858397
0.09537820403749925
0.7968264244210065
0.5210624185730087
1.176039766464594
0.020393742036344517
0.5161396098292659
1.5059901050267293
1.4138771353274
1.3021840524197297
0.24359881482821724
-0.11215857061979602
-0.25922405589652664
-0.698350040739928
-0.3395200634278918
-0.46674344443786636
0.3221764405810126
-0.05108058964613055
0.09337074327394031
-0.3649175451105819
0.712347503433029
1.1808509504036002
0.028271429570567965
0.020082929862482394
-0.010788361345235501
-0.0021500677881474742
0.029534215649956716
-0.08196837071269435
0.10988658944248889
-0.45714058086804027
-0.3536074564703299
-0.29799594107056304
-0.32797074570181234
0.06413122095296071
0.019211321274039354
0.0706736919635302
0.4263979276851031
1.1261123877656973
0.39541884859155224
0.5195501813462889
0.7333011438003946
0.2637122890704628
0.3860066059174568
0.6455743438383587
0.20226803209795513
1.4757491451939588
1.5377764935417113
0.668192923016117
2.1289503052496235
1.7710294632293426
0.7414732389496372
0.9798207427663513
0.710051976128577
0.2317324676721496
-0.3972058366856153
0.7321350997525701
2.0991433754067583
1.104288838991434
-0.5290060151249958
-1.0583185112808062
-0.09489891515659045
0.23140014309934864
-0.5831764195542646
-0.15215874235281202
-0.33215445421925766
0.20741463871128957
0.09424637205330463
-0.1852221027563578
-0.09754792256632056
0.08619781003571388
-0.5084364283407853
-0.5699017926421489
0.4367370040425183
0.40271535274436343
-0.03716093193917988
1.160940941009572
0.7462377034559904
-0.21002024661452587
-0.26233547244821787
-0.46912260259249466
-0.5399039037543574
0.9349487803245876
-0.5270777757602867
1.7204896428592182
1.2968307291144574
0.9730394024665586
0.7146681383010056
-0.14247911059672488
-0.3544702915383123
-0.4731824591969681
-0.30208448811623756
0.1443096536430705
0.2676087338791786
0.1771310783483766
0.07283631404815041
0.14172089859088494
0.3277977049335298
0.13544338239728634
0.38898323756178066
0.3390849310735248
-0.13112093633014915
0.5481035941752712
0.5081261921088596
-0.4949829958659093
-0.4695104730573614
0.1511245894042023
0.3755808089913688
0.8481315371386631
0.6473706992373484
0.43271108185873347
0.3287300133002604
0.10393417532004086
0.4549185294126126
0.1640096870716454
-0.12295543097362079
0.3764179636383536
-0.07149490789405154
0.49597195803495586
0.6999723669914556
0.1646197091963969
0.2546611092982472
-0.02536972559054683
0.14304136816361623
-0.2741906842989727
0.19944989027075713
0.4873760200291708
-0.00018124349516073713
0.4567255846970306
-0.032295935288768375
0.4607511960828209
0.009353069020179256
0.26819105340945776
0.19600443950393456
0.5155496170690029
-0.09922898247599121
0.19680720046145067
-0.08042239078595448
0.31863707626635773
0.06013723549596655
-0.3579057985938958
0.3897892154545313
-0.04906069193973593
-0.2629629889419102
-0.9926245606853568
-0.38097036427922526
-0.05889649035224575
-0.09793445984515894
0.04402641979637517
0.930931444453805
-0.29878867227662986
0.022866766541719312
-0.6826029566969531
-0.632219455413931
-0.5256460459010107
0.1676026721013916
-0.09128679810005924
-0.11921974796004456
0.24247858259643448
-0.04590092406395162
0.012434145234941421
0.39968925651334825
0.28671534451724534
-0.38884670001636423
-0.2613552291767446
0.6819035002412874
-0.2358069932574485
0.5408200026221412
0.08223957075672567
0.4298705540080112
0.15231030418076927
0.12255886842589492
0.16648418357136982
0.3609309273857889
0.04939673975808997
0.20002886677715825
-0.0805812034563653
0.27417212262050833
-0.21557206408918178
0.3234138234762625
0.0684504111554728
0.9795436275991289
-0.21440177470947835
0.0978696844123757
0.2245612900331221
0.018042106299097783
-1.3634792949952348
-1.8298416925938472
-0.9150312350501087
-0.1568160606706625
0.11353800493742962
0.7344935526832022
-0.1266298375144716
-0.3820367969814403
-0.13366803206743444
-0.3806329376382774
-0.17583710065819996
0.21472805220725527
-0.5883774154373672
0.33047751660920216
-0.18317841664726597
0.9618570428047264
0.6947640494726919
0.6810667844416833
0.058953881655666125
-0.21382763046237574
-0.46803629896380905
0.00689477237647392
-0.49826537146247396
-0.19232888843693413
-0.042056341479388255
-0.012574869395132958
0.04878979800297373
-0.1662510094019496
-0.2736039022427646
-0.09056674132663098
-0.10598614570711543
0.07320132082976208
-0.3001964653001372
-0.43754457382610534
0.03421982882283264
-0.1555270686716909
-0.02324428336442903
0.17733396632722445
-0.31803035358467097
0.3098375832893042
-0.35531770345833746
0.0022401540637996932
-0.03331741978325926
0.007849152906817218
-0.2849998103857443
0.12071674669846649
0.15736167477044222
-0.6098408504112892
-0.22664702424131875
-0.0674883630476431
-0.10996240407741865
0.7149253417630622
-0.6761925626433319
0.4472704438748695
0.04911238548790208
0.31057880814647226
0.05498696834028664
0.9027676193881216
0.5053886187790607
-0.2227479463035211
0.003428615909554503
-0.04687908984967722
-0.1378074228742967
0.30626885407382326
-0.16640654202583594
-0.10287929940983888
-0.0028206349285736895
0.6835360211735299
0.16955583333100677
-0.6606660496012041
0.09803529872071927
0.2608101866468742
0.19057609843251508
-1.001615155264615
-0.16219385241746337
-0.4440866792630799
-0.6139665650519286
0.15496085503031962
-0.6572110007641142
-0.28787250074254755
0.3202857875318528
0.16100639013240092
-0.050607970537538356
0.039781560983735795
0.2788335260954194
0.6435818427791921
0.11748021134690874
-0.5736782801671081
0.6550791821596791
-0.49925604236933957
0.16425619517512255
-0.2561456547952167
-0.19484523966432618
-0.2642024925974273
0.8474274895904808
0.5914373553456446
0.201097424321744
-0.4218621123670414
-0.1961547083363538
-0.5325283532776297
0.5944857478294273
-0.023093010879951456
0.22932547703677916
0.4155935347078391
-0.10113675542792354
-0.37767812839955167
-0.430420572517454
-0.21129123807917116
0.08632358526209165
-0.5107363743344264
0.0029898109170737337
0.2670283648708996
1.0589601093023016
0.4016604502619108
0.3426571869782077
0.8630900710192743
-0.5155817539207491
0.4524668402385994
-0.31817521199374643
-0.2204137135258185
-0.9687187887357009
-0.41235807929178764
0.3001268117293978
0.5812908997183653
0.4045320449862903
-0.4647667708423345
0.3821745768435125
-0.805484189375163
-0.33806380825647425
-0.4491857802810364
-0.5948639694053841
0.2439081019291571
0.9470380907488507
0.7848559814013764
0.8373979040492637
1.1839789278072919
0.28810206894662704
-0.1668973727023296
0.0013508427099816023
0.1859772201629697
0.16850810873258262
-0.06482445378511244
-0.7979914911325544
-0.4383102575965231
-0.6726054058327726
-0.4644224571877258
0.2505018447018127
-0.3877371089590726
0.09741683493058308
-1.3794425017631613
-0.18771169303542085
0.6619982009472727
0.48255416417155
0.9319057844306764
-0.4159270937619558
-0.22023942872699823
0.011232693062074573
-0.15799843142592584
-0.03910574661605368
0.11976807011129889
0.07123561405286732
-0.026287951476738194
0.35933105729200016
0.1966388599042534
0.2707188301662966
0.3240016781511888
-1.1867074919458493
1.73737722415953
-1.0643731015975937
-0.765500536124622
0.22461133402170919
-0.1365984115993053
-0.037375974056676656
-0.15064701154562316
-0.22531545047341675
0.610093281740936
0.24125707371330554
1.1205793044519239
-0.5415744453576331
0.16787662121888128
-0.005864327687383813
0.33219247366766963
0.12602661085266884
0.42322750777431717
0.5801331804445222
0.1962838087850252
0.02076217072256059
0.07932691050401341
0.5588509784630947
0.28941109021621475
-0.36836484292530514
0.12226762616851863
0.34953124046601564
0.2112043922322447
0.3660348915595072
-0.4216914889728766
-0.03993818512631115
0.25570835158516975
0.4534881365379253
0.11874987393655322
-0.03745864945989464
1.5107019025314594
0.27655854320914725
0.3836841160137416
-0.08086083349918353
0.4924054959608833
0.13409533731362275
-0.14002688572797295
-0.0005439752675510761
-0.8137075805377038
-0.24484932543542295
0.24143412816115567
0.9504044742565956
-0.3134842371727792
0.22263377658234212
-0.17146329079320038
-0.3936495045507835
-0.4718801572168029
0.2064087839643088
-0.021867371671288986
-0.9064736254941216
-1.09040356058486
-0.4488762866375322
-0.04274020866963591
-0.08421752417953023
-0.03890428442548401
0.16436389482099667
-0.3163205526859344
-0.47040698405920367
-0.18526306235100143
-0.40550430877950805
-0.07573856054901205
0.1008643648295718
-0.5224687609095969
0.06330595846166892
-0.44185019443664386
-0.25402083808822445
-0.23983517787837866
0.1058679105791002
0.1647940115890451
-0.2020704735877194
0.03872248388406079
1.1625693685222678
0.2766193387379648
-0.13012238716248595
1.0283534889871624
0.556352756321409
0.12462425044503292
-0.039372440567807324
0.15852587719098493
0.33458454081787364
0.45059777732930495
0.15574347690180296
0.3211918328355461
0.47309325125145013
0.17652734269397513
0.3617340480028895
-0.4446529812581845
0.2772516499361933
1.2869085983242474
0.3385405063740158
-0.7991224353283818
-1.1423934012318806
-0.5154567988715409
0.11600925269008323
-0.5269397269879134
-0.3399650358690087
0.20736141877724965
0.05934903237417614
0.02965356724957032
0.316117427643301
-0.08118174325877946
0.06508459943286461
0.20216297045992648
-0.2422697478434887
0.04680961917706269
0.24008332744862415
0.055942919334574195
0.08664060043684614
0.3218290386492547
-0.02995376756660069
0.8046616866444204
0.09854381955452104
0.28152004857045654
-0.763752994465564
-0.12642440156806167
0.37923739130417855
1.8946559277330992
-0.613335953233797
-0.21230692134771717
-0.31787790141505773
0.6477236633300832
-0.1809051644871319
-0.11731048913742112
0.08217950269124218
0.5299271753428314
-0.0808137296408243
0.24711552204553314
0.705048426212582
0.2873209472508519
0.08695752876299997
-0.46628478345470464
0.2942582208637762
-0.16070178836963991
0.7666079590552342
0.15809713159110825
-0.19928311628501322
0.9065689687678002
-0.0611998411145077
0.14000419172434728
0.31372193928441544
-0.20123437229924185
0.153844526834954
0.07408488694168845
-0.08775042058922781
0.38761973511099684
0.06810709414088294
1.4380816154634533
-0.5854880520644646
0.0818728278816101
-0.7895872030085603
0.21380881448342795
0.3444300626812913
0.4002806779869276
-0.6181439430523543
-0.7048322538156642
0.19169939331067098
0.3625084897025544
-0.575677742178589
-0.5104252210812359
0.13507294508687648
-0.1256673022369673
0.29960648613133234
0.16069964205591378
0.42188344505946884
0.2535171287051368
0.007104624823738333
0.2947684922376851
0.21975172413981137
0.7589827322952344
-0.5453521605748428
-0.009626997697922482
-0.0676561755650078
0.00683107867251804
0.19687249424321623
-0.9525903153200108
0.021542704217688044
-0.18540344943696713
0.014766760647683699
0.21924673843971754
-0.17189057494299023
-0.3087827074366144
-0.1093534405325608
0.9210452645957191
0.3745741282350588
-0.02328702662331387
-0.3627183822613473
0.5099771322500327
0.6248809682156758
0.6728120265221077
-0.16936707347559432
0.31842391433205297
-0.1185791583975107
0.4212781372262346
0.013671830348235794
0.5661248095659058
0.39147179856661496
-0.008950346289869637
-0.586967771037375
-0.3953383440020091
-0.19082143524160822
0.2818947091094875
-0.4080886163383789
-0.8612973677645007
0.3445759922245185
-0.05846141884804656
0.40965640854732105
-0.6072661781055451
0.44363472929297565
0.4319130334669157
0.19111462389526127
0.25278734467578223
0.02753199624285116
0.16044391739517383
0.19217820682027925
-1.6270143021787837
-1.2333478084038452
-1.7933188193672263
-0.9880863065059751
-0.14424895505443644
-0.15723608527185823
0.30939303231773085
0.03932854046358258
0.1007554541403892
-0.599478191153445
0.03486534609892707
-0.24920475786800367
0.19712370403387341
0.30917476680251404
-0.3195580174551999
-0.18699837504294048
0.43418671964565997
-0.5195883726409894
0.20547215876803626
-0.14867203103285562
-0.5620535824720938
-0.00443778489715098
0.7030041188927703
0.628220491586579
0.2629482537481457
-0.2392645137858747
0.26269947902167423
-0.2253587527972228
0.46697048039671
-0.4360233653208593
-0.7323882769199881
0.5065183173188
-0.13241997146668757
-0.5041597983085359
-0.3960728687497785
-0.1362698783986891
0.10067967053763693
-1.3350172334069368
-1.368295244469637
-0.9629247128404999
-0.38511191739313166
-0.4082381218130707
-1.1918732899992897
0.10997400623021729
0.17325786835429113
-0.7149949798276873
-0.20682194613922644
0.619574360750588
-0.13387208216713212
0.9856145585015067
0.6179204219622497
0.09025706953130866
1.04369573779023
1.1907687794405006
-0.6714190939593947
-0.23854917566362424
0.20079662029535464
-0.3884406163329418
-0.09607640312636673
0.09644589075731985
0.38032394470683417
-0.02585464131200296
0.17455112398974207
-0.2715107202340345
-0.053945570153589764
0.4368586428519885
0.045091960410830946
-0.26288468058212766
-0.41535151410977456
-0.6765088980863239
-0.2886065108300262
-0.29645004396792063
0.5621777568136479
0.41320394822487194
0.44859122707197235
0.019879263837579778
-0.7216772787619421
0.29049737438610407
0.06592689910725909
-0.48343569747220533
-0.5650637496436685
-0.038680742592068995
0.5194824050059258
-0.10080547286190272
0.10057857978310182
0.5603622524299351
-0.40202989620748836
0.2922862729840548
0.06089840621620349
-0.9033115804164742
-0.0657493391032378
-0.5220980953489806
-0.3233106130959834
-0.19842748416320016
0.3267439941868777
-0.13869261180056514
-0.27726701039537277
-0.5460317241001469
0.13621430447891597
-0.3540375205137041
0.2930028652944887
0.5479777569762041
0.3386028970787271
0.6220096725796822
0.08041171715032618
0.20706265077725258
-0.4532874420984244
-0.05153517244805272
-0.2014517402649391
0.5274813883369445
-0.008466600796458628
-0.556744616541307
-0.14260415332019125
0.06570477484328408
0.004162873000635147
-0.6999459019328196
-0.15440130024372267
1.514189134621756
0.5637903806794842
-0.3587788464461034
-0.3068313028977291
0.6061039799954182
0.0905115091841327
-0.1606603240892731
0.4199953794578801
0.028960282822783283
-0.3076209985074489
-0.7210161881365403
-1.5472218789248313
0.11184367941978456
1.5481038522027133
0.31193325792530147
0.08687678831055569
0.5403086515809989
-0.48426895395040176
0.3214202592093362
0.15269370969383228
0.15157874078669037
-0.653174098751804
-0.13274083130263156
0.11793262377818198
-0.4464820247871574
0.041550494321262815
-0.6462896823245288
1.252045576914576
0.8991587653267828
-0.2132812622170474
-0.11018139664147171
0.3559058689834491
0.16736261659408744
0.10865814037103508
-0.09480743644852226
1.0207120105071048
0.04280406347079961
-0.3617764086061804
0.41387864242145367
-0.6168277787003181
-0.16069439371997954
0.5680559615068455
0.014867968214843067
-0.9875536842161442
-0.1535738472116254
-0.3249249810904986
0.25423075091071906
-0.033016763716159886
0.05864817672384203
0.3183557642270113
-0.34638455419790865
-0.8983997566800711
-0.016219943569226573
0.30363874879427827
0.11596999511100457
0.2778498012225218
0.405097094911973
0.5244408146824374
0.1935904378552835
0.019854426486817178
0.7732111799284823
1.0556201007428851
0.4512570337862601
0.5082546396555025
-0.43253945006200156
-0.8363916295725164
-0.897966097214465
-0.23756850847737357
0.3210441918466301
-0.5409572224500651
-0.3341304194722932
0.8709707899486264
0.1595022280861934
0.3271474059970103
-1.0589490820046314
-0.38730110429965503
-0.6433782303537183
0.5548492589231626
-0.05294521001749746
0.3747588394402073
-0.39769863203398576
-0.8425300603596905
-0.06686121336245449
0.4355265646478173
0.0497913961250688
-0.4591304689701304
-0.3099991207765216
0.06257752386517336
-0.15848640833654826
0.2933948256000217
-0.7030876952085009
-0.2610521040405124
0.01976347605124536
0.08987933283786854
1.023008332706398
1.3425359692140364
0.9305770810358799
0.5478874103370485
0.6961467496178805
-0.08999182840462744
0.14332526414546448
0.21660797704469975
-0.34182968899399224
-0.17409360971986307
-0.3066948997365776
-0.9842238496776757
-0.3023400624200296
-0.4207217807719166
-1.1528892765074106
-0.9479501352709472
-1.0051210068272607
0.44786904081300527
0.38620730359788125
1.5268886347843613
0.9791900968837232
0.046686108507466934
0.651655245879779
-0.23104501477584669
0.35865790529088865
0.4330794507761028
0.008225439917552781
-0.07989800010995943
-0.8336288709721635
-0.12630018031803333
-0.39377851899847743
-0.3086669877695785
-0.8298601078561827
-0.20362786023669968
-0.15703225258692385
-0.07643209143379147
-0.9603658778767457
-0.1570736626279238
-0.19106173294146503
0.39254841406115365
-0.3136708039600037
0.09680694651649283
0.6357770398905455
0.9485430198414985
1.3544961267861026
0.19618322438326977
0.21939166665737983
-0.01587963820528092
-0.24427293485700183
0.701545664744059
-0.11370984717705276
-0.8604993041188856
0.2689415126080766
-0.17395371755415728
1.0342066606675706
0.17516481255150107
0.16402069998539637
1.066431218298927
0.2259870595283266
0.003422044503667456
-0.9017637566853954
-0.9046551831990064
-0.49776276631183725
-1.1595356333781455
0.031116460797793913
0.21415741523730303
0.2519628046129194
0.6594770710653503
0.8932877091764878
-0.21513642512252198
-0.5848641460841812
0.27484344429383234
0.14793030000899535
-0.23826853070369025
0.4606537728881565
0.4075583342318083
0.557423631442528
-0.32503119107827283
-0.6183536380296992
-0.9635553813621397
-0.7623560045318118
0.2139669106429586
0.16834471995833367
-0.20908342540801267
-0.0066278824174481185
-0.10228845867509578
-0.15289878138754695
-0.9813282521925996
-0.3236784815535665
-0.63435035350425
-0.04884715561557073
0.1100534526898603
-0.08846775783007733
0.22499890720879986
0.26330534784387055
0.524604327425662
0.5432080759759731
0.6683595653042688
0.9429485890565875
-0.5777926079927693
0.9345854764188564
0.2947148379873177
-0.1296457622973112
-0.2714157454898387
-0.639354250527949
-0.40323603783164064
0.1627299971161697
0.4514376861241635
0.20342924618193065
-0.07682760810776837
-0.04662592042311091
-0.16597598854057805
-0.09157111747226143
0.24685058117784103
-0.2917362079599924
0.09538120317545168
0.024726762018556763
0.05904699716337364
-0.13407958494890462
-0.37137190460309455
-0.20714270156542658
-0.24177436382959572
-0.6781308901683804
-0.5998498610559851
-0.09542918219112193
-0.9845484018345815
