-112.32154083251953
-107.27500915527344
-102.9854965209961
-102.00306701660156
-102.87498474121094
-102.7311019897461
-99.53701782226562
-100.6091079711914
-100.04474639892578
-183.6328582763672
-109.84424591064453
-101.08452606201172
-120.57234954833984
-97.25067901611328
-106.09395599365234
-120.776123046875
-198.86489868164062
-113.1747055053711
-120.96627807617188
-105.182373046875
-130.00245666503906
-106.45671081542969
-106.85016632080078
-97.83992767333984
-114.5230941772461
-106.20758056640625
-105.79767608642578
-106.1233139038086
-102.43417358398438
-103.04765319824219
-100.25128936767578
-177.256591796875
-102.9207992553711
-102.85723114013672
-105.15402221679688
-101.1272964477539
-158.21182250976562
-97.33367919921875
-95.93180847167969
-108.7818374633789
-110.31244659423828
-100.61953735351562
-98.92911529541016
-122.70439910888672
-100.52568817138672
-100.6551284790039
-130.870849609375
-99.40294647216797
-103.77757263183594
-109.78036499023438
-103.9510498046875
-105.76597595214844
-102.89569854736328
-109.10922241210938
-125.15228271484375
-97.01904296875
-118.04550170898438
-99.60717010498047
-106.9789047241211
-103.0790786743164
-101.258544921875
-91.97904205322266
-98.5595474243164
-100.69187927246094
-99.72659301757812
-97.24153900146484
-105.94869995117188
-102.39851379394531
-110.26840209960938
-104.38103485107422
-101.24375915527344
-94.3000259399414
-94.37977600097656
-99.1565933227539
-97.92130279541016
-98.76688385009766
-98.56192016601562
-98.59430694580078
-95.7708969116211
-105.04840850830078
-98.25213623046875
-104.78388977050781
-98.9515151977539
-98.65464782714844
-105.7942123413086
-96.21770477294922
-107.48727416992188
-107.77984619140625
-98.86402130126953
-99.19140625
-106.54564666748047
-100.70494079589844
-100.92185974121094
-107.27263641357422
-98.87406921386719
-113.14938354492188
-106.84062957763672
-91.66692352294922
-109.4444580078125
-98.10770416259766
-108.85655975341797
-108.41019439697266
-103.93704986572266
-77.76045227050781
-72.51913452148438
-135.66018676757812
-98.09217834472656
-99.21385955810547
-122.92109680175781
-89.27767181396484
-90.96717071533203
-114.17958068847656
-86.7937240600586
-111.24761962890625
-122.3646240234375
-87.6339340209961
-82.76935577392578
-73.4814453125
-84.75325012207031
-77.75338745117188
-68.6642074584961
-100.42664337158203
-105.87210845947266
-120.58255767822266
-104.65660095214844
-104.31717681884766
-111.45266723632812
-99.26963806152344
-69.68433380126953
-104.44587707519531
-101.29421997070312
-103.97144317626953
-105.61890411376953
-106.15213775634766
-107.1332778930664
-104.51615142822266
-105.471923828125
-103.2061538696289
-108.62699127197266
-111.13292694091797
-109.86978912353516
-106.86329650878906
-106.08939361572266
-91.7022933959961
-111.16987609863281
-101.20354461669922
-109.18083190917969
-104.06359100341797
-100.85124969482422
-105.03135681152344
-109.69609069824219
-106.70352172851562
-105.68309783935547
-108.02609252929688
-108.1309814453125
-107.39754486083984
-101.74365997314453
-100.6922378540039
-112.68160247802734
-101.8677978515625
-91.50934600830078
-106.32263946533203
-107.83710479736328
-102.57012176513672
-98.9748306274414
-103.3401870727539
-99.35693359375
-106.15544128417969
-98.66193389892578
-104.02604675292969
-109.568115234375
-101.12812805175781
-103.4642333984375
-100.2524642944336
-96.64094543457031
-102.5755386352539
-98.65550994873047
-98.3557357788086
-98.62197875976562
-96.2500228881836
-112.45034790039062
-97.85247802734375
-96.7037582397461
-111.23621368408203
-130.90994262695312
-93.42374420166016
-130.08059692382812
-97.65631866455078
-104.19892883300781
-90.29296875
-105.85194396972656
-101.23809814453125
-99.07992553710938
-137.52035522460938
-97.83356475830078
-121.53964233398438
-95.73954010009766
-94.07733917236328
-132.0864715576172
-135.7855682373047
-116.43789672851562
-101.57896423339844
-137.51837158203125
-112.16798400878906
-58.75861740112305
-94.97451782226562
-117.45360565185547
-124.56171417236328
-105.64359283447266
-106.17777252197266
-97.63813781738281
-91.80152130126953
-88.29510498046875
-93.4741439819336
-65.40577697753906
-117.04619598388672
-140.1713104248047
-107.54389190673828
-95.66789245605469
-146.22293090820312
-103.46696472167969
-102.40856170654297
-96.0895004272461
-104.13267517089844
-105.87808990478516
-104.18710327148438
-109.4292221069336
-99.56696319580078
-108.11275482177734
-101.0461654663086
-109.2251968383789
-102.39795684814453
-114.86029052734375
-104.21791076660156
-66.8214340209961
-127.50552368164062
-137.37928771972656
-132.64877319335938
-68.68029022216797
-101.90998077392578
-75.31951141357422
-99.35993194580078
-122.5873794555664
-104.38777923583984
-116.36547088623047
-123.7498779296875
-99.92169189453125
-106.84618377685547
-103.66761016845703
-95.42713165283203
-68.79464721679688
-71.00746154785156
-70.36585235595703
-157.0008544921875
-121.61026763916016
-106.16521453857422
-102.48304748535156
-103.50833892822266
-85.19070434570312
-99.28206634521484
-144.27203369140625
-106.62435150146484
-100.84192657470703
-103.81470489501953
-103.3246841430664
-105.64302825927734
-105.28706359863281
-95.99129486083984
-107.9200668334961
-79.63390350341797
-81.93222045898438
-98.80953979492188
-106.20170593261719
-100.63043212890625
-80.15778350830078
-101.74640655517578
-90.90274047851562
-101.52594757080078
-109.76250457763672
-105.53013610839844
-104.76282501220703
-102.29006958007812
-105.29458618164062
-101.61906433105469
-88.3716049194336
-96.65681457519531
-101.65293884277344
-103.2524642944336
-99.15360260009766
-102.48326873779297
-116.84170532226562
-99.23768615722656
-91.61830139160156
-90.4202651977539
-99.42408752441406
-93.43600463867188
-94.5492935180664
-102.40111541748047
-99.87934112548828
-92.93031311035156
-93.27190399169922
-95.32054138183594
-120.43766784667969
-80.10502624511719
-92.54193878173828
-97.88736724853516
-94.71186065673828
-103.75818634033203
-92.67875671386719
-103.52766418457031
-93.4619369506836
-99.82132720947266
-154.55198669433594
-94.24459838867188
-99.83151245117188
-105.2328872680664
-93.37077331542969
-110.98558807373047
-95.85704803466797
-93.2489242553711
-98.76598358154297
-95.39287567138672
-98.85167694091797
-97.13123321533203
-74.40780639648438
-92.6261215209961
-95.10425567626953
-93.2242431640625
-92.01283264160156
-91.60902404785156
-93.37506103515625
-94.60427856445312
-98.48963928222656
-92.19221496582031
-121.24034118652344
-95.9768295288086
-93.73009490966797
-115.560302734375
-101.71601104736328
-96.92996215820312
-103.45146179199219
-92.5302963256836
-93.69781494140625
-100.6989974975586
-101.55118560791016
-99.9135513305664
-87.3631362915039
-100.52967071533203
-139.28656005859375
-92.54512023925781
-91.97689819335938
-103.3089599609375
-92.83418273925781
-94.01229095458984
-94.92434692382812
-86.0774154663086
-99.09300994873047
-96.40614318847656
-97.91177368164062
-92.87747955322266
-105.94871520996094
-62.42118453979492
-103.86612701416016
-96.30158233642578
-95.26031494140625
-97.25773620605469
-94.31915283203125
-108.25227355957031
-92.31755828857422
-91.26614379882812
-93.11005401611328
-93.50235748291016
-97.45924377441406
-101.29837799072266
-109.51388549804688
-89.50782775878906
-89.593994140625
-92.34153747558594
-96.51866149902344
-99.28579711914062
-86.98847961425781
-94.27650451660156
-98.7439193725586
-97.1737289428711
-108.4039535522461
-96.56775665283203
-86.42523193359375
-95.08129119873047
-95.92876434326172
-96.2215805053711
-106.58470153808594
-108.77876281738281
-95.89092254638672
-95.2936782836914
-95.65263366699219
-93.59452056884766
-91.28652954101562
-94.84894561767578
-97.5906753540039
-98.78626251220703
-89.92947387695312
-103.29544067382812
-101.02623748779297
-101.57972717285156
-92.29401397705078
-100.45819854736328
-101.77362823486328
-102.25017547607422
-96.53844451904297
-168.27542114257812
-80.50514221191406
-98.17997741699219
-88.38800048828125
-101.1205825805664
-81.82240295410156
-95.3652114868164
-106.22183990478516
-92.68138122558594
-96.294921875
-98.8028335571289
-93.87689208984375
-92.77590942382812
-96.81361389160156
-95.30995178222656
-85.73673248291016
-89.61090850830078
-104.98866271972656
-97.74644470214844
-97.89440155029297
-94.55948638916016
-96.59175109863281
-89.50166320800781
-118.35564422607422
-140.468994140625
-109.31477355957031
-93.02951049804688
-91.27392578125
-104.59122467041016
-135.6890869140625
-169.55947875976562
-90.13362121582031
-99.97802734375
-93.01263427734375
-114.462158203125
-106.08747100830078
-86.37935638427734
-97.60022735595703
-93.49298095703125
-107.27198791503906
-112.86497497558594
-120.29773712158203
-95.92842102050781
-144.671142578125
-99.3951416015625
-96.80524444580078
-104.01224517822266
-104.81696319580078
-95.3695068359375
-90.66310119628906
-103.99066925048828
-94.11920166015625
-91.3243408203125
-95.77220916748047
-96.90898895263672
-100.26993560791016
-101.43135070800781
-96.38006591796875
-93.52140808105469
-105.99210357666016
-91.18744659423828
-95.23643493652344
-93.02666473388672
-95.85894775390625
-98.73551940917969
-95.7693862915039
-96.50981140136719
-95.49693298339844
-95.18603515625
-100.35343170166016
-92.71662902832031
-94.14010620117188
-95.6146469116211
-94.43024444580078
-98.33533477783203
-97.4913558959961
-92.23202514648438
-93.0030288696289
-93.44892120361328
-91.05998992919922
-87.46978759765625
-97.19957733154297
-91.26835632324219
-98.26387786865234
-93.91253662109375
-91.93147277832031
-92.08431243896484
-99.75686645507812
-96.802490234375
-107.44023132324219
-96.71691131591797
-89.59223937988281
-101.90413665771484
-96.05644989013672
-93.20280456542969
-97.49373626708984
-92.95896911621094
-94.93853759765625
-95.54705810546875
-100.00459289550781
-87.78345489501953
-108.4841079711914
-96.91548156738281
-95.1874008178711
-92.36630249023438
-99.12519836425781
-89.04481506347656
-92.56903839111328
-93.17754364013672
-88.48289489746094
-88.76156616210938
-92.28982543945312
-92.6397476196289
-93.6081771850586
-82.7719955444336
-94.84861755371094
-92.30426025390625
-91.90670776367188
-95.83445739746094
-91.35484313964844
-97.0282974243164
-99.3199462890625
-94.08554077148438
-92.84892272949219
-90.63287353515625
-95.11688995361328
-89.50811767578125
-93.08698272705078
-92.17800903320312
-95.64071655273438
-97.03508758544922
-90.37922668457031
-95.17628479003906
-92.51112365722656
-90.96833038330078
-98.04264068603516
-92.22228240966797
-90.5486831665039
-132.24444580078125
-96.9842529296875
-82.45709991455078
-105.25504302978516
-133.08201599121094
-95.85265350341797
-95.10010528564453
-95.02214050292969
-130.30055236816406
-102.83384704589844
-94.92411041259766
-131.73031616210938
-109.19528198242188
-95.17445373535156
-117.07494354248047
-107.60395812988281
-99.65055847167969
-136.53424072265625
-96.52072143554688
-104.16996002197266
-101.41333770751953
-124.14027404785156
-98.84756469726562
-121.25726318359375
-91.52130889892578
-89.13430786132812
-93.0203628540039
-83.47835540771484
-103.60125732421875
-91.57503509521484
-91.9791488647461
-95.90667724609375
-76.58773803710938
-89.49615478515625
-90.38855743408203
-98.89094543457031
-60.19947052001953
-92.02548217773438
-86.52684783935547
-81.89297485351562
-90.74744415283203
-92.0245361328125
-91.4882583618164
-99.78536987304688
-90.09436798095703
-82.73359680175781
-94.63829040527344
-94.63623809814453
-92.00354766845703
-93.08966827392578
-172.655517578125
-95.43048858642578
-86.14036560058594
-95.78498840332031
-93.91327667236328
-72.0418701171875
-92.79956817626953
-32.78672790527344
-90.32164764404297
-92.68938446044922
-98.56205749511719
-72.57438659667969
-95.0096664428711
-91.96597290039062
-81.74838256835938
-87.91559600830078
-116.94352722167969
-83.74458312988281
-85.33606719970703
-92.63274383544922
-88.83293151855469
-109.48307037353516
-77.41792297363281
-93.76758575439453
-94.55966186523438
-103.41897583007812
-107.35391998291016
-77.5530014038086
-75.25845336914062
-100.4172134399414
-90.5523681640625
-106.07638549804688
-106.44967651367188
-101.8643569946289
-102.41067504882812
-95.96051025390625
-104.68390655517578
-98.74148559570312
-82.3819808959961
-92.60128784179688
-103.47505950927734
-106.5589599609375
-92.45738983154297
-90.69985961914062
-96.8321533203125
-103.46975708007812
-98.53716278076172
-90.05746459960938
-104.40425109863281
-94.41680908203125
-103.36544799804688
-108.75190734863281
-107.83848571777344
-101.11723327636719
-107.96305847167969
-104.41109466552734
-105.90612030029297
-106.89493560791016
-111.07316589355469
-100.48286437988281
-98.47777557373047
-105.60781860351562
-100.26151275634766
-95.5524673461914
-110.71537780761719
-110.01963806152344
-106.46363067626953
-102.15371704101562
-101.34173583984375
-97.31179809570312
-108.3033218383789
-105.7006607055664
-105.56388092041016
-107.57122802734375
-102.59193420410156
-82.85581970214844
-107.30965423583984
-104.0567855834961
-87.87310791015625
-96.40275573730469
-105.25065612792969
-102.10059356689453
-85.77005767822266
-107.98714447021484
-77.81922149658203
-126.71781158447266
-93.78790283203125
-101.10513305664062
-93.98235321044922
-107.97872924804688
-111.59959411621094
-86.05121612548828
-93.85723876953125
-67.8473129272461
-79.14972686767578
-93.6296615600586
-88.48058319091797
-163.33587646484375
-82.42463684082031
-92.72946166992188
-115.55321502685547
-112.18611145019531
-137.98583984375
-107.07564544677734
-103.8723373413086
-130.181884765625
-83.9378433227539
-102.72038269042969
-100.03370666503906
-105.7009506225586
-102.23076629638672
-100.74214935302734
-107.48841857910156
-99.7356948852539
-105.33692932128906
-97.5222396850586
-81.97091674804688
-107.67573547363281
-104.40314483642578
-113.1008071899414
-93.34185028076172
-81.84025573730469
-79.28778076171875
-72.54938507080078
-102.20346069335938
-74.14280700683594
-101.85147857666016
-107.88359832763672
-103.79698944091797
-103.90509796142578
-114.01761627197266
-97.5885009765625
-107.13414001464844
-90.60203552246094
-97.203857421875
-70.78164672851562
-84.86772155761719
-90.01498413085938
-88.43277740478516
-104.357421875
-143.89430236816406
-90.12722778320312
-83.5944595336914
-89.88621520996094
-99.20849609375
-102.02405548095703
-92.85646057128906
-105.62089538574219
-83.8117904663086
-104.74390411376953
-78.45458984375
-97.78776550292969
-96.27239990234375
-93.77735900878906
-109.5411376953125
-93.38496398925781
-127.86045837402344
-104.79692077636719
-99.6865463256836
-161.57650756835938
-100.92799377441406
-106.22928619384766
-104.27092742919922
-89.0505599975586
-94.9177017211914
-103.30044555664062
-100.72034454345703
-94.76226806640625
-106.80149841308594
-99.9517822265625
-106.03739166259766
-94.27605438232422
-93.44202423095703
-77.17770385742188
-99.30542755126953
-104.18547821044922
-104.25875854492188
-101.1886978149414
-66.617919921875
-108.6214599609375
-81.62796020507812
-112.48162841796875
-80.79754638671875
-95.35588073730469
-108.38462829589844
-130.27615356445312
-98.04757690429688
-76.417236328125
-101.05599212646484
-95.89129638671875
-105.98358154296875
-111.06999969482422
-83.384033203125
-92.76530456542969
-99.77606201171875
-95.96998596191406
-69.29521942138672
-95.73746490478516
-95.86177062988281
-90.84473419189453
-109.51294708251953
-98.49700164794922
-110.00605773925781
-99.76438903808594
-102.43203735351562
-110.53589630126953
-97.1324234008789
-109.15812683105469
-107.691162109375
-99.10540008544922
-110.6041488647461
-106.96942901611328
-180.89569091796875
-102.52347564697266
-100.30142211914062
-62.374141693115234
-103.94013977050781
-105.4217300415039
-96.14327239990234
-87.23910522460938
-96.41934967041016
-100.7725601196289
-103.52499389648438
-80.6306381225586
-111.73004150390625
-90.0372543334961
-99.84248352050781
-109.6534652709961
-101.72528076171875
-99.90397644042969
-104.1755599975586
-68.17051696777344
-107.28459930419922
-96.6104736328125
-104.65702819824219
-59.944488525390625
-93.63018035888672
-91.13129425048828
-102.8978271484375
-107.04525756835938
-99.66658782958984
-91.09993743896484
-90.99124908447266
-93.19608306884766
-91.97982788085938
-106.92268371582031
-109.03450012207031
-110.16059875488281
-86.9735336303711
-86.607666015625
-92.63202667236328
-102.42375183105469
-104.86585235595703
-105.06136322021484
-115.87480926513672
-111.98204040527344
-104.25492095947266
-93.71715545654297
-98.347412109375
-104.88107299804688
-110.85575103759766
-133.50613403320312
-95.70516967773438
-83.05792236328125
-99.45968627929688
-126.3849105834961
-78.39010620117188
-89.6519775390625
-104.44820404052734
-105.17687225341797
-80.50192260742188
-96.54627990722656
-105.01708984375
-107.85116577148438
-90.2374267578125
-99.98934936523438
-104.49786376953125
-104.91700744628906
-103.0589599609375
-80.56092834472656
-83.18234252929688
-84.30506896972656
-89.88021087646484
-85.42837524414062
-100.19148254394531
-101.68042755126953
-101.06672668457031
-79.76571655273438
-95.18538665771484
-87.40290069580078
-88.24559020996094
-106.13782501220703
-90.27226257324219
-100.48096466064453
-69.03356170654297
-81.69583892822266
-82.34463500976562
-109.99980926513672
-75.92707824707031
-93.96131134033203
-93.13030242919922
-107.4894790649414
-104.95835876464844
-107.77507019042969
-97.2784194946289
-92.3857192993164
-86.24686431884766
-84.63200378417969
-92.57071685791016
-94.02559661865234
-89.45551300048828
-77.53679656982422
-88.00923156738281
-95.80841827392578
-85.58181762695312
-86.50653076171875
-90.43959045410156
-95.54978942871094
-93.41529083251953
-75.07534790039062
-88.62940979003906
-89.24757385253906
-57.11240005493164
-81.7467041015625
-92.3268051147461
-80.49829864501953
-82.52826690673828
-88.09846496582031
-91.81950378417969
-87.85089111328125
-86.91179656982422
-87.17637634277344
-114.25552368164062
-93.06819152832031
-81.6341552734375
-88.49395751953125
-88.84962463378906
-81.21009826660156
-79.13488006591797
-83.71139526367188
-92.49325561523438
-91.3677749633789
-87.91637420654297
-85.9981689453125
-82.83590698242188
-91.19824981689453
-81.81989288330078
-94.18694305419922
-73.16946411132812
-94.36549377441406
-85.8096694946289
-83.24629211425781
-95.44844055175781
-93.38667297363281
-86.6167984008789
-92.21936798095703
-94.46388244628906
-93.64311981201172
-95.27047729492188
-116.38706970214844
-77.61431884765625
-51.176856994628906
-107.4516830444336
-76.0626220703125
-88.4830093383789
-93.58158874511719
-93.62959289550781
-92.0133285522461
-84.46136474609375
-95.86837768554688
-93.74090576171875
-91.32402038574219
-83.21314239501953
-85.18817901611328
-89.57476043701172
-104.81454467773438
-93.76104736328125
-95.04622650146484
-89.33621215820312
-91.39929962158203
-85.46581268310547
-99.27711486816406
-90.27629089355469
-164.40573120117188
-83.31794738769531
-81.40472412109375
-88.76362609863281
-73.44542694091797
-106.79435729980469
-105.29700469970703
-93.45478057861328
-92.60833740234375
-108.13848876953125
-102.57630920410156
-106.21509552001953
-105.42642211914062
-95.47026824951172
-104.66297912597656
-90.03384399414062
-114.91650390625
-109.03854370117188
-102.15411376953125
-108.05242919921875
