-9.848461232455599657e+01
-2.479507562894217472e+02
-4.866137173366478237e+02
-2.048849961710120340e+02
-1.181057879335266847e+02
-9.838930311179112209e+01
-3.759461383989873298e+02
-4.587823836708768965e+01
-2.324342748505926579e+02
-2.818024359758240394e+02
-3.803197313499319421e+02
-2.258909934051112600e+02
-1.456442529825496877e+02
-9.020514957774003051e+01
-1.259007356427638911e+02
-3.017226453310792067e+01
-8.846926990003389335e+01
-1.828544736857202224e+02
-9.512474324469199871e+01
-6.751172788074291020e+01
-4.005887855877387551e+02
-1.470587551432787734e+02
-2.215323583868328683e+02
-1.188733289650232052e+02
-2.427769960346296045e+02
-3.628515999009304096e+02
-2.055687905181040378e+02
-1.793361050721720744e+02
-8.572731860244482505e+01
-5.822364654299599351e+01
-3.367263930611085243e+02
-2.887202356544139548e+02
-1.371936037431352702e+02
-1.711322949649300540e+02
-4.004041951607396186e+02
-2.780678566860432284e+02
-2.745642392352130514e+02
-1.007238493270742907e+02
-3.620511114544116253e+02
-5.129162603824308775e+01
-3.577731484417654428e+02
-3.143571008537289799e+02
-4.331293350535114541e+02
-4.424446053713896276e+02
-1.253382184527490324e+02
-1.307998640804296997e+02
-5.255509891429118596e+01
-7.582042504476913791e+01
-1.125107240821146206e+02
-3.134541924942286641e+02
-4.293618576456531741e+02
-1.206930384928606941e+02
-8.261444175372889731e+01
-7.120555089120855996e+01
-4.313195824600626906e+02
-2.379955386852618915e+02
-2.505854686241754905e+02
-2.327295896644467348e+02
-3.821528952654136901e+02
-3.327601483737462331e+02
-1.334715481292502375e+02
-3.062305765894255956e+02
-3.750069563902281402e+02
-1.485299979084701647e+02
-1.459614091349107525e+02
-2.063015839837340195e+02
-8.622049418573979551e+01
-1.459730162159101496e+02
-3.504042428527263837e+02
-8.789798684109423732e+01
-3.661246585964578060e+01
-1.959154925021268525e+02
-3.043330752611236107e+02
-3.451694037011050114e+02
-2.905912500830406202e+02
-9.472813037925254775e+01
-2.431388875415943573e+02
-3.445425456456669053e+02
-2.741788380519845987e+02
-2.057604445179390495e+02
-1.612757064892403776e+02
-9.519263692017969447e+01
-3.929843692999037330e+02
-2.774095723998913741e+02
-1.387973831292474642e+02
-2.306103424067717640e+02
-1.245391983252330874e+02
-3.871974233042374749e+02
-2.857162855076938968e+02
-5.873904733700217662e+01
-1.149888546519922556e+02
-9.692639125078244433e+01
-2.963002949093942107e+02
-3.675529971316200886e+02
-2.449032245357427939e+01
-4.034703126359079306e+02
-8.103179011431252832e+01
1.911953027100172164e+01
-6.544543651297865949e+01
-7.398084977979968357e+01
-1.148274527503472342e+02
4.056907439689098283e+01
-1.581812021068809031e+02
-1.880705038738294377e+01
1.858406749655331680e+02
2.300734573340579061e+02
-3.583057529467666313e+00
-4.428147510097751649e+01
-6.164910571732931999e+01
-3.665464876089047834e+02
4.209340266447256340e+00
-2.375417646604260824e+01
-3.572396004735448116e+01
-5.988675965846163507e+01
3.074748919976045158e+00
2.152567987585728417e+02
-6.066526832791424084e+01
2.139502373030210265e+02
-5.314630628636838594e+01
2.062116159494021304e+02
-1.531261378762729919e+01
-2.449658271253905184e+01
7.333939565010680894e+00
1.243338862508124976e+00
2.434991702365328692e+01
-6.697009917212784558e+01
-6.762294744684285774e+01
-1.220431992871479565e+01
1.510509726746035852e+01
1.399612966737247710e+01
8.424928536886208974e+01
2.761836950617672315e+00
-2.376780690644446281e+01
-5.728751030884176032e+01
-1.363660208544673083e+02
-8.824971484508429853e+01
-3.803015087420006779e+01
-2.056790329741747030e+02
1.178807524848139110e+01
-1.000900791446881044e+02
1.041856995908660508e+02
-5.086306379222488516e+01
-8.027416327457007839e+00
-1.390625915242057431e+02
-2.008560435235739128e+00
-2.519548768447361056e+02
-1.676762301047251640e+02
-2.260521556104126262e+01
8.610276323078650762e+00
-2.661136447217904433e+01
-3.769504970939038202e+01
-5.739819976786155564e+01
5.339971542286501283e+00
-4.388117166139684855e+01
-1.010699570704728956e+01
2.375670508277363169e+01
1.855545499753880279e+02
5.060111074321302915e+00
-3.085309488842380787e+01
-1.183346346785301932e+02
-2.312231230818748884e+01
-8.089382208067783608e+01
-1.375474110410725714e+01
-8.652147423864936115e+01
1.484168429918593120e+02
-3.279903101925803099e+01
4.632228029822159421e+00
1.962535482683822607e-01
3.360557714948170371e+01
2.212850046303746581e+02
-3.953240670987150907e+01
-8.388598955770454779e+01
1.940652075556390912e+02
1.492018104503413412e+01
-5.192341948590998513e+00
-2.294511937161016846e+01
-2.490595861053879645e+01
-3.075144760467306924e+02
8.658918784529741686e+01
-6.613740957929609010e+01
-9.208020853054345878e+01
1.960456347046121550e+02
2.136185778926714534e+02
2.207385848183128019e+02
1.494360279138219312e+02
1.973257795606332934e+02
-3.546023008336368854e+00
1.239301203007226491e+02
1.917594969728127978e+02
1.349460185936317203e+02
1.955900810889746140e+02
-4.638037928873326621e+01
2.223584829095523787e+02
1.670962553478570101e+02
6.753656524857613874e+01
4.821152926581828702e+00
-3.009544969695246053e+01
2.068700493342068683e+02
-3.209901961101000722e+01
1.818471944813614414e+02
1.601707459996866021e+02
3.806505199864533395e+00
1.757181061949563627e+01
1.846351465887522636e+02
-1.177965979965371446e+01
6.074398121549673846e+00
9.992659706719724966e+01
1.922259185754490431e+02
2.198641816160580618e+02
1.200884377373987491e+02
2.095696208740409929e+02
2.360915305749339552e+02
2.278517600153116973e+02
2.128722252462859501e+02
2.008168184774808651e+02
2.423745035178905027e+02
2.176787226235686035e+02
1.684091210182906480e+02
2.275622419871956481e+02
1.803789542651686588e+02
2.433305750733756270e+02
2.294656778082185440e+02
2.706913517004284131e+02
2.358209578031938918e+02
2.688534592845254565e+02
2.680439506342678442e+02
2.727835622814076260e+02
2.494360576094672126e+02
2.388873132625004985e+02
2.988901454104656068e+02
2.501206064185924447e+02
2.367978971489636137e+02
2.484471374451170220e+02
-8.983508089620090686e+01
-2.706605214899934708e+01
2.193478795006259929e+02
2.562712241646046891e+02
2.783859483867968834e+02
2.787619109393666577e+02
2.954282375813900785e+01
8.871642475744789635e+01
2.713853237449970948e+02
6.998404097337399321e+01
5.278023374216061825e+00
8.212032089762342935e+01
-7.340712873040736497e+01
2.694544773357889653e+02
2.467833676100541140e+02
2.745480890006850814e+02
3.639242704236087889e+01
2.229287113306439778e+02
5.813429720643804899e+01
2.803482840229722797e+02
2.996929790320393749e+00
2.743028633510842837e+02
1.692605659580264614e+02
-6.416390897538505556e+01
-1.026456712910735405e+02
2.541805028410567218e+02
-1.582122186031760691e+01
2.674600908744583876e+02
-4.166326038637309352e+02
-1.176905892136556986e+01
2.949014362479487090e+02
-1.844245896726019396e+01
2.772997833639800547e+02
2.855527007301337790e+02
-2.386292112608676632e+02
2.927707853449645654e+02
2.612258527436604254e+02
2.841220988153357894e+02
2.704730068459648464e+02
2.395242006131437620e+02
2.630393482847039195e+02
1.522797376130085922e+01
2.644745434758079909e+02
-1.275813280303115107e+02
-4.325209529233635664e+01
2.672005089287093824e+02
2.259255451329672724e+02
2.544377769248941092e+02
2.252148278606436520e+02
2.029538431339042290e+02
-2.438350486976416676e+01
2.069269513263581928e+02
2.787800177142186158e+02
2.177400396879201594e+02
2.406555732643391821e+02
-1.014798261735690517e+02
-2.039019627422562735e+02
-3.995852402272699067e+01
2.602191998420338450e+02
-1.181425605641217516e+02
2.916182012143194697e+02
2.183217777891055391e+02
1.777938506185249139e+02
2.760067447469738227e+02
1.002301061009233649e+02
2.707567760617091039e+02
1.571079365972424853e+02
2.509322426950432430e+02
2.744081029004947823e+02
2.859065821099065943e+02
2.513635936060508698e+02
2.621452845870932151e+02
2.272270167636334293e+02
2.817157588415539067e+02
2.095228013194551977e+02
2.547452988000947585e+02
2.868364920890535359e+02
2.170363980401764650e+02
2.481031127544684409e+02
3.078278426634644234e+02
2.696881853384030592e+02
2.218351762195029835e+02
2.278138861836501974e+02
2.247544836908483603e+02
1.638106430307723258e+02
2.559988615038670901e+02
-2.986199634296544332e+02
2.663295248756685396e+02
2.823485447217935871e+02
2.525606976093114895e+02
3.060480607320133686e+02
2.771225556253011746e+02
2.459760675422826353e+02
2.526595618202743196e+02
2.760131494572877955e+02
2.321948087119382649e+02
2.669009344194305982e+02
2.775961388046884508e+02
2.447833683285796269e+02
2.839266020441590399e+02
1.890394542098455872e+02
5.443754920973998424e+01
2.602171422271343886e+02
2.893689329029978694e+02
2.723265115050970735e+02
2.222887191734928933e+02
2.404029259663031155e+02
2.715108061149532546e+02
2.499057881732678368e+02
2.818068948773823195e+02
2.380330885875900719e+02
2.645974694072067450e+02
2.668182623206105291e+02
2.492167169127031059e+02
2.549724644883674216e+02
1.885269102397394647e+02
2.501174594956528949e+02
2.594726220236574363e+02
2.394028395300907732e+02
1.746371998628409585e+02
2.720003169243949515e+02
2.663523291806967563e+02
2.664514010040605285e+02
4.573514273567019117e+00
2.463279775830810081e+02
2.629922074725010930e+02
2.631020096782757491e+02
2.438086942623088191e+02
2.567152851283440782e+02
2.627099585755239559e+02
2.495171435727860967e+02
2.315970004433714848e+02
2.940903410299193865e+02
2.482906746486181078e+02
1.829706315788329221e+02
2.179819905404341398e+02
2.562951486084646717e+02
2.303870340249713422e+02
2.334122000726538886e+02
2.716686887934840229e+02
2.659475553839357644e+02
2.337431185383205730e+02
2.674111864726693284e+02
2.893353110633862570e+02
3.018164966596142449e+02
1.737871986327725153e+02
1.575316854383052032e+02
2.450480289823944986e+02
2.601999222743927476e+02
2.836481443837131451e+02
1.642925174850332724e+02
2.464626437040524820e+02
2.768089613960878523e+02
2.667042203452894000e+02
1.763873837014934338e+02
2.536752174487993159e+02
2.999692419795176193e+02
2.372576533556279799e+02
2.773821312617330932e+02
2.389070115745111309e+02
2.699667139379811260e+02
2.717667410930058054e+02
2.823348682779352430e+02
2.884796852031726075e+02
2.949980861618702193e+02
2.705792541059809651e+02
2.909619911080594648e+02
2.473859730058536002e+02
2.928579884826108923e+02
3.072194255864242223e+02
2.372445037536584493e+02
2.572554521071581917e+02
1.498259670585805452e+02
2.928167818441143027e+02
2.228927347150797118e+02
2.892992825392699388e+02
2.284285171490217863e+02
2.884422731546458749e+02
2.714543882955834988e+02
2.474665636667973558e+02
2.661727840753634382e+02
2.235420045336892940e+02
2.388331111291768991e+02
2.393489540279014705e+02
2.959429321414789911e+02
-2.252505101179688722e+02
2.668497696759438895e+02
1.788588209503278961e+02
2.807870964506405471e+02
2.597291885307649295e+02
1.929240204181746776e+02
2.847529832333838726e+02
2.761399970551894398e+02
2.535349548367210843e+02
2.750554829837369653e+02
2.752562040545224704e+02
1.677505809187709360e+02
2.862852155109723071e+02
2.934488809994901430e+02
2.229349397890250657e+02
2.883361632488191049e+02
2.151429867396182658e+02
2.347199433073917589e+02
2.917746243504148538e+02
2.532273558577423671e+02
2.903320991000219919e+02
2.819366253826827915e+02
2.664505126338212904e+02
2.454602626611273593e+02
2.751181223878701303e+02
2.637485638203833105e+02
2.746564615200688309e+02
2.468937667846266208e+02
2.332648437873994567e+02
2.327863173028670758e+02
2.383733456557202430e+02
2.824561122037886207e+02
-3.834594058953169338e+02
2.595896189796023350e+02
2.019295395790147154e+02
2.885485286808531100e+02
2.352364846068357735e+02
2.764900873219654613e+02
2.368511132188699833e+02
2.764302777569831733e+02
2.928423538309757532e+02
2.434417834738721638e+02
2.452001485296008525e+02
2.299299380348055308e+02
2.627406654430857316e+02
2.887395665512873393e+02
2.358554313948781385e+02
2.506237750569629270e+02
2.845519263957650651e+02
2.811568891134702994e+02
2.779464924423577941e+02
2.641307938433151321e+02
3.021102089462039544e+02
2.437846495044768460e+02
2.877981926107768231e+02
2.743461827757181482e+02
2.342753649759852124e+02
2.761380598368120332e+02
1.571832663694266330e+02
2.095993072469084382e+02
2.460377446096426866e+02
2.560510851791286768e+02
2.443981939730956015e+02
2.882913478211567053e+02
2.458340718047294047e+02
2.512701653293116237e+02
2.743058498006237187e+02
2.983825255630547417e+02
2.922672393685740531e+02
2.280843304964058404e+02
2.501164761648076933e+02
2.613595020166299037e+02
2.921559907020907758e+02
2.408957484930646160e+02
2.990854963712021117e+02
3.011866704751780048e+02
2.370708044664372096e+02
2.434418760196372205e+02
2.634926225373025659e+02
2.869866297307954710e+02
2.601599797233858453e+02
2.800619960378942892e+02
3.077001963878769857e+02
3.025169401338500847e+02
2.870458974156216527e+02
2.367980502879878486e+02
2.329783444384182189e+02
2.574097468877095025e+02
2.318178054385029725e+02
2.712782300082968732e+02
2.484570428493086638e+02
2.671477694399443408e+02
2.422971024351293181e+02
2.821883383738963857e+02
3.003404876356310638e+02
2.551863446551227526e+02
2.375661996106790070e+02
2.491781398468920372e+02
2.656969905964874101e+02
2.787622133193273157e+02
2.658171122533279913e+02
2.618183362940721395e+02
2.741624165801919162e+02
2.690604417251520317e+02
2.966839839433824864e+02
2.662980577339354795e+02
2.553206125923036325e+02
2.721179286124515784e+02
2.513122688283247612e+02
2.615702488423398790e+02
2.910434342660302605e+02
2.815845430995805145e+02
2.660284739282667488e+02
2.545507931794660976e+02
9.706196335858696500e+01
2.486031397726432886e+02
2.544968652593408081e+02
2.394412365261117372e+02
2.479553708789711095e+02
3.014805217730250888e+02
2.485249396430749016e+02
2.837104605309950784e+02
1.039884270745843367e+02
2.562909570259375869e+02
2.772366831073485400e+02
2.883300558550309916e+02
2.265774798983458425e+02
3.055805756324008371e+02
2.664481984927588201e+02
2.679379032817170128e+02
3.057047861563650031e+02
2.693941829231144993e+02
2.401100616354368640e+02
2.822501318322613315e+02
2.626654466832957837e+02
2.531124332830088974e+02
2.224324092026650419e+02
2.626176481013384318e+02
